          phi     psi   omega 
    0    0.00  145.59 -179.14 
    3 -113.76  132.18  177.82 
    6 -154.09  113.74  178.65 
    9 -122.23  146.10 -178.99 
   12 -128.64  130.03 -179.93 
   15 -123.32  109.01  179.92 
   18  -62.51  -32.29  178.43 
   21  -92.14   90.63  179.66 
   24  -57.88  -41.28 -179.47 
   27  -47.63  -46.45 -178.89 
   30  -46.11  -48.02 -178.69 
   33  -73.52  -30.63  178.28 
   36  -64.67  -54.44  178.98 
   39  -59.07  -39.24  179.61 
   42  -60.86  -42.64 -178.30 
   45  -73.12  -34.05  178.46 
   48  -72.61  -23.59  178.57 
   51  -79.42  -21.50 -178.71 
   54 -104.92  -48.04 -177.34 
   57  -36.14  -36.57 -178.96 
   60  -84.57  -27.98  178.83 
   63  -86.03  -43.66  178.62 
   66 -123.58  130.24 -178.83 
   69  -89.77  -43.77  179.93 
   72 -123.01  143.04 -179.82 
   75 -165.20  150.54  179.78 
   78  -88.20  131.29  178.15 
   81 -105.65  106.80  179.68 
   84  -89.39  118.93  179.51 
   87 -105.56  133.03 -179.53 
   90 -152.05  164.87 -179.18 
   93  -51.97  -29.13  179.53 
   96  -64.79  -39.02 -179.73 
   99  146.23 -159.36 -179.52 
  102  -91.37  132.18 -179.67 
  105 -133.17  140.14 -179.38 
  108 -148.74  128.82  177.30 
  111 -131.95  132.67 -177.92 
  114 -161.80  143.61  178.22 
  117 -100.40  151.85  177.49 
  120  -77.29  168.11 -179.08 
  123  -43.13  -44.65 -178.75 
  126  -83.94   -8.39 -179.64 
  129   69.07   15.04 -179.03 
  132  -80.59  -17.12 -179.17 
  135 -141.93  157.56 -179.83 
  138 -134.69  146.34  178.40 
  141 -122.56  148.88 -179.83 
  144 -145.16  113.33 -179.03 
  147 -106.21  141.64  178.29 
  150 -142.59  113.32  178.74 
  153 -115.95  102.09 -179.25 
  156  -63.59  137.99 -179.81 
  159  -54.81  -33.94  179.99 
  162  -64.33  -16.14  179.71 
  165  -81.10  -11.17 -179.82 
  168 -101.49  146.06  179.20 
  171  -64.43  -44.01 -179.54 
  174 -127.50  136.12  178.77 
  177 -152.29  125.75  179.75 
  180 -142.43  137.42  178.86 
  183 -155.21   96.55 -179.82 
  186  -64.69  -52.65 -179.78 
  189 -126.79  141.49  179.88 
  192  -61.42  133.75 -179.10 
  195 -118.19  145.31  177.97 
  198 -129.07   93.96 -178.13 
  201  -95.76  119.06  178.16 
  204  -74.61  112.20 -177.51 
  207 -117.59  143.70  177.59 
  210  -98.43  100.09 -177.99 
  213  -53.10  -27.93  178.62 
  216  -69.66  -37.41  178.73 
  219  -73.90  -41.90  179.79 
  222  -66.48  -30.03  179.18 
  225  -67.16  -41.86  178.66 
  228  -62.16  -44.45  179.28 
  231  -62.52  -46.87  179.90 
  234  -68.52  -23.18  177.53 
  237  -62.87  -23.41  179.95 
  240  -78.95   -6.87  179.53 
  243  -90.12  155.49  179.13 
  246  -97.14  154.23 -179.24 
  249  -63.64   -4.79  179.54 
  252 -117.92    2.77 -179.46 
  255  -72.86  148.83  177.44 
  258  -94.14  117.98 -178.12 
  261  -99.04  129.28  178.64 
  264 -115.33  134.62  178.41 
  267 -112.21  131.54  179.89 
  270 -143.96  125.52 -179.11 
  273 -140.28  143.27  179.40 
  276  -95.36  146.60 -179.49 
  279  -54.43  -46.13 -179.76 
  282  -93.89   14.86 -177.70 
  285  -88.72  142.93 -179.44 
  288  -96.47    4.65 -178.40 
  291 -133.12  162.81  177.26 
  294 -122.95  137.13 -178.27 
  297 -113.36  118.46  178.93 
  300 -109.74  131.00  179.99 
  303 -122.11  119.10 -179.50 
  306 -100.76  123.84 -179.90 
  309 -112.23  112.09  179.55 
  312  -61.60  132.95 -179.55 
  315  -53.59   20.38   58.30 
  318  -95.60   45.96  178.37 
  321 -126.42  118.08  179.37 
  324 -129.58  118.70  178.92 
  327  -98.06  145.71 -179.76 
  330 -140.15  114.56 -179.45 
  333 -111.32  156.35  179.63 
  336 -137.36   92.30 -178.50 
  339  -79.35  129.05  178.27 
  342  -73.86  134.77  178.33 
  345  -87.39 -162.50 -179.80 
  348 -167.85  167.98  179.40 
  351  -89.12  141.49 -179.69 
  354 -139.04  123.64  177.18 
  357  -89.25   79.62 -177.51 
  360  -77.17  157.68  178.07 
  363 -137.93  112.28 -178.98 
  366 -112.32  152.17 -179.53 
  369 -109.84  153.22  178.04 
  372  -93.08  106.85 -179.88 
  375 -112.00  103.69 -179.96 
  378  -76.83  153.67  178.72 
  381  -56.87  134.33  179.15 
  384 -131.90  165.99  176.26 
  387 -126.37  120.29 -177.13 
  390  -86.51  153.50  178.98 
  393  -62.81  -28.42  179.38 
  396 -146.13  135.80 -179.66 
  399 -134.79  104.91 -179.45 
  402  -98.36  130.55  175.99 
  405 -113.33  124.84 -179.35 
  408 -149.30  164.72  179.71 
  411  -63.39  128.53 -179.04 
  414  -57.70  -30.07  178.09 
  417  -66.98  -40.80 -179.65 
  420  -63.41  -43.57  179.93 
  423  -60.63  -48.68  179.48 
  426  -61.44  -38.30  178.70 
  429  -66.02  -49.60  179.42 
  432  -53.24  -58.51 -179.16 
  435  -53.63  -43.29  179.72 
  438  -66.36  -41.86 -178.22 
  441  -66.78  -48.88  178.98 
  444  -63.09  -18.53  178.40 
  447  -65.07  -32.21  179.83 
  450  -77.38   -4.67 -178.51 
  453 -110.06  -40.53 -179.11 
  456 -154.15 -175.67 -179.51 
  459  -96.98  -37.01 -179.74 
  462 -113.71  158.55  179.52 
  465 -126.08  129.64  179.69 
  468  -97.72   96.30 -179.37 
  471  -84.79  120.77  179.09 
  474 -115.05  119.47 -179.19 
  477 -117.03  128.58  179.07 
  480 -137.30 -178.78 -178.42 
  483  -70.47  -31.52 -177.90 
  486  -73.18  -36.35 -179.48 
  489 -175.96 -166.83  179.74 
  492 -130.15  156.39 -179.47 
  495 -136.73  131.13  178.90 
  498 -113.65  133.15 -178.47 
  501 -139.34  151.41  179.12 
  504 -141.59  160.52 -179.64 
  507 -143.74  142.45 -179.42 
  510 -154.89 -168.40 -179.03 
  513  -81.34   25.70  179.52 
  516 -138.40   -8.85 -179.28 
  519  137.22 -155.42 -178.67 
  522 -136.25  164.40  179.97 
  525 -130.00  151.90 -178.17 
  528 -148.21  111.94 -179.44 
  531 -110.55  113.55 -178.25 
  534 -106.26  114.37  178.79 
  537  -98.89  142.95 -179.97 
  540 -113.34  149.78  177.50 
  543  -60.26  137.73 -179.62 
  546  -95.18  139.51 -179.85 
  549  -84.54   30.86   62.17 
  552 -108.02  -40.29 -179.78 
  555  -92.55   -1.26 -179.31 
  558 -111.52   20.64 -178.20 
  561 -106.88  155.25  178.13 
  564 -126.00  111.25 -179.32 
  567 -121.17  147.07 -177.25 
  570 -128.74  114.25  177.92 
  573 -100.27   75.88 -178.89 
  576  -95.97  130.96  178.15 
  579  -99.07  -50.42  178.75 
  582 -134.88  147.13  179.74 
  585  -67.09  149.67  179.28 
  588 -139.22  150.45  177.82 
  591 -143.93  113.44 -178.08 
  594 -126.48  154.15  178.91 
  597 -109.92  125.21 -179.58 
  600 -131.44  150.92  179.72 
  603  -77.14  120.84 -178.66 
  606  -62.90  -29.24 -178.72 
  609  -55.71  -43.11  179.35 
  612  -75.09  -37.84  178.61 
  615  -61.36  -34.23  179.29 
  618  -72.57  -10.22  176.21 
  621  -88.08  -43.32  178.92 
  624  -56.85  -43.65 -178.18 
  627  -63.58   -1.37  178.25 
  630  -79.52   -7.89  179.81 
  633  -92.79    7.56 -179.82 
  636  -55.81  -50.61  179.93 
  639  -54.64  -16.15  179.26 
  642  -74.36  -24.47 -177.65 
  645 -154.65  153.76  179.52 
  648  -81.94  -16.52 -179.14 
  651 -134.73  158.06  178.97 
  654 -134.56  152.57  178.62 
  657 -129.18  131.15 -179.20 
  660 -109.58  121.74  179.91 
  663 -106.60  119.64 -178.60 
  666 -127.34  128.01  176.32 
  669 -126.86  149.90  179.88 
  672  -62.53  138.21  178.43 
  675   60.90   22.69  178.92 
  678 -128.37  164.01  179.51 
  681  -67.94  148.84  179.12 
  684  -77.78  150.54  178.20 
  687 -125.04  115.47  178.48 
  690 -108.36  110.74 -177.63 
  693 -109.91  135.39  179.02 
  696 -117.79  113.86  179.29 
  699  -82.67  115.92  175.32 
  702  -80.27  116.80 -176.57 
  705  -46.35  114.31  178.59 
  708   50.61   35.74  178.41 
  711 -128.14  -59.35  179.69 
  714  173.01 -115.56 -179.21 
  717 -169.07  176.84  178.26 
  720 -143.91  123.62 -179.49 
  723 -119.83  145.94  178.10 
  726 -124.17  125.02  177.42 
  729 -104.25  142.95  179.90 
  732 -132.75  120.59  179.55 
  735  -65.19  130.83 -179.57 
  738  -74.41  161.08  179.45 
  741  -93.42  135.17  178.34 
  744   81.00  110.43 -179.85 
  747  -58.13  119.53  179.36 
  750  -91.52  173.90  178.68 
  753 -125.16  155.03 -179.13 
  756  -52.96  -35.79  179.95 
  759  -67.33   -0.58  179.49 
  762  -92.58  -15.07 -177.29 
  765 -113.45  -27.79 -179.22 
  768 -125.69  145.40 -179.70 
  771  -66.11  127.98 -179.99 
  774 -105.89  148.42  178.35 
  777 -136.86  122.88 -179.64 
  780  -82.36  147.70 -179.24 
  783 -136.06  137.44  178.22 
  786 -101.71  117.42 -179.37 
  789  -98.77  116.42  179.77 
  792 -105.45  102.79  179.12 
  795 -170.08  139.98  179.82 
  798 -111.77  128.52  177.24 
  801 -148.64  116.96 -179.70 
  804 -126.13  126.73 -179.87 
  807 -109.08  130.05  179.63 
  810 -126.78  121.72  179.84 
  813  -71.91  -47.18  179.19 
  816  -77.43   75.30 -179.66 
  819  -62.67  -26.34 -179.64 
  822  -54.11  -35.03  179.36 
  825  -58.63  -43.37 -179.08 
  828  -71.33  -31.40  178.25 
  831  -67.74  -47.15  179.51 
  834  -61.62  -46.18  179.04 
  837  -53.45  -54.03 -179.95 
  840  -61.37  -36.03  177.83 
  843  -65.88  -25.22 -179.81 
  846  -86.99   -4.99 -178.04 
  849 -125.66  -44.23 -178.25 
  852  -40.07  -38.66 -179.39 
  855  -77.02  -32.11  179.27 
  858  -82.09  -46.75 -178.82 
  861 -127.20  123.10 -177.42 
  864  -82.91  -33.53  178.98 
  867 -130.48  147.21  179.54 
  870 -164.99  151.98 -179.62 
  873  -92.92  126.94  178.56 
  876 -102.06  115.17  179.93 
  879  -94.21  111.42  179.38 
  882 -102.79  126.96 -179.85 
  885 -136.12  171.59  179.43 
  888  -63.96  -20.66  178.54 
  891  -75.76  -27.71  179.71 
  894  142.89 -160.93  179.86 
  897  -97.43  124.14  179.18 
  900 -124.40  141.06  179.71 
  903 -145.89  126.10  177.39 
  906 -131.22  127.84 -179.82 
  909 -152.03  156.34 -178.07 
  912 -115.07  137.49  179.09 
  915  -71.82  163.02 -177.91 
  918  -42.58  -45.41 -179.33 
  921  -78.93   -7.54  179.83 
  924   60.94   25.90  178.92 
  927  -90.79  -30.12  179.63 
  930 -126.61  166.13 -178.76 
  933 -145.98  145.35  179.74 
  936 -117.27  146.08  178.67 
  939 -143.30  111.51 -179.44 
  942 -110.78  137.24  179.33 
  945 -139.31  121.92  178.42 
  948 -123.46   99.12 -179.08 
  951  -61.88  138.39 -179.95 
  954  -51.48  -29.55 -179.60 
  957  -71.03  -14.87  179.80 
  960  -80.32  -14.48 -179.66 
  963  -92.46  149.02  179.45 
  966  -70.45  -31.50 -179.70 
  969 -143.78  138.28  179.76 
  972 -148.43  135.45  178.03 
  975 -152.21  128.87  178.15 
  978 -148.13   99.59  179.80 
  981  -67.69  -56.70 -178.11 
  984 -119.39  138.30 -179.14 
  987  -60.37  135.72 -179.20 
  990 -118.03  153.02  177.85 
  993 -135.93   97.15 -178.43 
  996  -99.45  117.31  178.26 
  999  -76.91  107.98 -177.31 
 1002 -112.28  145.33  176.24 
 1005  -96.60  105.13 -177.54 
 1008  -58.98  -31.38  178.12 
 1011  -60.05  -52.22  179.63 
 1014  -63.27  -42.78  179.43 
 1017  -63.17  -34.36  179.37 
 1020  -66.24  -39.36  179.20 
 1023  -66.20  -31.31  179.35 
 1026  -74.60  -41.74  179.43 
 1029  -68.79  -24.04  178.96 
 1032  -69.77   -7.39  178.71 
 1035  -89.28   -9.13  179.11 
 1038  -92.62  143.94  178.23 
 1041  -85.01  172.67 -179.80 
 1044  -75.96  -11.54 -179.62 
 1047 -105.70   -4.09 -179.29 
 1050  -67.69  151.24  177.08 
 1053  -95.11  117.41 -178.46 
 1056  -99.18  126.78  179.54 
 1059 -117.16  126.92  178.07 
 1062 -105.64  136.11  179.67 
 1065 -145.77  128.25  179.95 
 1068 -138.82  151.56  179.42 
 1071 -104.82  154.02 -179.14 
 1074  -60.79  -48.33  179.09 
 1077  -91.24   21.01 -178.13 
 1080  -90.57  142.37  179.93 
 1083  -99.79    6.96 -178.83 
 1086 -135.60  161.20  177.64 
 1089 -120.81  136.70 -179.87 
 1092 -112.29  125.52  177.92 
 1095 -116.33  124.55  179.27 
 1098 -116.31  118.92  179.97 
 1101 -103.24  130.17  179.47 
 1104 -117.72  112.03  179.20 
 1107  -63.09  133.32 -179.96 
 1110  -67.25   42.35   25.55 
 1113  -63.07    9.41 -179.94 
 1116 -116.78  121.42  178.67 
 1119 -129.01  124.79  179.59 
 1122 -116.64  135.62 -179.95 
 1125 -125.56  123.72  179.35 
 1128 -121.29  149.21 -179.94 
 1131 -130.69   97.95 -178.14 
 1134  -86.29  124.84  178.25 
 1137  -71.57  140.07  179.84 
 1140  -96.27 -172.99 -179.43 
 1143 -155.55  165.37  178.95 
 1146  -84.37  138.11  179.73 
 1149 -137.99  130.84  177.26 
 1152  -98.12   72.10 -178.44 
 1155  -67.98  166.29  177.97 
 1158 -139.05  116.95 -177.29 
 1161 -113.75  144.42 -179.63 
 1164  -98.82  144.90  178.18 
 1167  -92.76  100.91 -179.05 
 1170 -106.21  102.67 -179.45 
 1173  -71.16  154.57  178.72 
 1176  -66.16  128.68 -179.61 
 1179 -123.67  164.20  176.04 
 1182 -118.75  105.46 -178.26 
 1185  -77.59  152.12  179.51 
 1188  -65.29  -30.13  179.89 
 1191 -141.65  131.45  179.00 
 1194 -133.81  113.82 -179.43 
 1197 -107.23  127.31  176.80 
 1200 -108.20  132.08 -179.42 
 1203 -160.82  160.90  179.42 
 1206  -57.19  128.42 -179.69 
 1209  -60.86  -32.62  179.66 
 1212  -68.16  -37.98  179.79 
 1215  -64.33  -46.28  178.57 
 1218  -60.52  -45.78  179.74 
 1221  -57.29  -43.67  179.73 
 1224  -58.17  -53.79 -179.14 
 1227  -50.81  -48.62 -178.97 
 1230  -64.48  -47.17 -179.51 
 1233  -57.28  -47.00 -178.67 
 1236  -66.32  -59.01  179.53 
 1239  -52.81  -21.32  179.00 
 1242  -63.10  -33.55  179.43 
 1245  -73.90  -23.01 -178.74 
 1248  -85.91  -37.11 -178.78 
 1251 -171.95 -179.68 -178.58 
 1254  -80.06  -45.99 -177.93 
 1257 -104.70  156.03 -179.39 
 1260 -124.12  136.45  178.38 
 1263 -106.64  110.05 -179.94 
 1266  -95.86  120.56  178.96 
 1269 -112.56  125.48  179.51 
 1272 -117.35  126.18  179.10 
 1275 -133.99  170.17 -177.01 
 1278  -54.56  -49.31 -177.19 
 1281  -94.51   24.79  179.39 
 1284  149.57  160.14  179.74 
 1287 -122.08  147.54 -178.31 
 1290 -128.16  134.08  179.46 
 1293 -114.68  131.13 -178.75 
 1296 -133.21  153.33  179.12 
 1299 -147.22  159.15 -179.52 
 1302 -147.03  143.91  179.62 
 1305 -156.89 -173.15 -179.68 
 1308  -64.90  -20.75  179.56 
 1311  -86.41  -12.44 -178.97 
 1314  137.76 -151.20  179.85 
 1317 -134.85  158.38 -179.80 
 1320 -126.88  148.55 -178.82 
 1323 -148.32  121.22 -179.32 
 1326 -115.70  125.25 -179.24 
 1329 -110.78  121.44  179.43 
 1332 -110.93  122.10  179.27 
 1335  -96.15  145.49  179.24 
 1338  -62.51  118.73 -178.79 
 1341  -61.34 -116.85   98.91 
 1344  -85.87  -60.04  179.41 
 1347  -87.61    2.64 -177.48 
 1350 -112.87    4.47 -178.74 
 1353  -93.58  169.68  177.93 
 1356 -135.26  123.72  179.86 
 1359 -132.45  145.03 -178.40 
 1362 -127.12  132.25  177.07 
 1365 -113.63   94.11 -176.42 
 1368 -113.85  112.96  178.60 
 1371  -84.22  -37.73 -179.69 
 1374 -148.64  146.34  179.33 
 1377  -65.40  150.70  179.18 
 1380 -141.66  147.52  178.44 
 1383 -141.66  113.81 -178.84 
 1386 -126.12  156.67  179.81 
 1389 -112.90  121.73 -178.93 
 1392 -130.16  149.91  179.40 
 1395  -75.66  116.35 -179.14 
 1398  -59.67  -23.65 -179.66 
 1401  -60.02  -46.27 -179.46 
 1404  -70.78  -41.53  179.73 
 1407  -58.14  -40.61  178.69 
 1410  -68.57   -0.29  176.52 
 1413  -97.63  -43.34  178.70 
 1416  -56.75  -50.27 -179.91 
 1419  -49.97  -17.58  177.88 
 1422  -68.10    2.66  179.53 
 1425 -104.58    0.19 -179.45 
 1428  -44.24  -45.33  179.92 
 1431  -60.87   -4.75  179.22 
 1434  -87.28  -19.19 -178.14 
 1437 -156.68  156.72  178.63 
 1440  -86.34  -11.09 -178.64 
 1443 -142.17  163.53 -179.77 
 1446 -143.89  152.85  177.70 
 1449 -119.84  141.20  178.86 
 1452 -115.69  119.88  179.08 
 1455 -110.25  122.64 -179.01 
 1458 -129.87  155.94  178.00 
 1461 -160.30  148.62 -178.67 
 1464  -61.77  136.29  177.42 
 1467   66.16   16.62  179.91 
 1470 -128.73  150.62  179.89 
 1473  -56.16  138.64  178.71 
 1476  -70.22  147.77  177.74 
 1479 -123.30  115.69  178.94 
 1482 -107.04  113.58 -178.40 
 1485 -113.50  132.80  177.79 
 1488 -115.68  111.28 -179.95 
 1491  -76.92  107.89  176.48 
 1494  -70.68  116.45 -176.38 
 1497  -43.65  107.31  178.54 
 1500   56.15   26.06  178.29 
 1503 -115.23  -53.22 -179.90 
 1506  170.12 -110.95 -178.51 
 1509 -170.47  175.98  177.50 
 1512 -142.60  117.31 -179.14 
 1515 -112.50  138.77  178.69 
 1518 -120.41  127.82  178.64 
 1521 -107.81  136.60 -179.49 
 1524 -126.80  116.74  179.17 
 1527  -65.47  133.52 -179.79 
 1530  -71.27  158.14  179.90 
 1533  -87.62  111.15  178.87 
 1536   50.09  113.79 -179.82 
 1539  -68.06  113.49  178.11 
 1542  -82.67  168.07  179.45 
 1545 -115.67  156.27 -179.49 
 1548  -59.23  -28.00 -179.35 
 1551  -72.98  -12.07  179.29 
 1554  -75.19  -25.69 -177.02 
 1557 -104.99  -29.63 -178.78 
 1560 -124.89  146.93  179.99 
 1563  -66.03  121.90  179.96 
 1566  -95.71  151.33 -179.97 
 1569 -142.59  101.37  179.87 
 1572  -60.63  137.55 -179.78 
 1575 -130.00  135.10  177.59 
 1578  -99.00  119.26 -179.38 
 1581 -110.57  120.74  179.10 
 1584 -108.67  119.40 -179.23 
 1587  173.48  136.38  179.49 
 1590 -110.52  132.42  178.67 
 1593 -152.49  120.71  179.77 
 1596 -128.00  139.22 -179.77 
 1599 -121.47  114.65  179.27 
 1602 -108.42  110.22 -179.85 
 1605  -64.72  -32.82  178.93 
 1608  -91.17   73.59 -179.55 
 1611  -51.25  -41.82 -179.85 
 1614  -43.13  -37.34  179.83 
 1617  -57.35  -53.86 -178.74 
 1620  -65.48  -25.50  177.88 
 1623  -70.75  -46.20  179.17 
 1626  -65.35  -42.23 -179.43 
 1629  -55.18  -43.82 -178.82 
 1632  -74.64  -24.72  177.32 
 1635  -76.60  -21.11 -179.86 
 1638  -88.83   -5.98 -178.88 
 1641 -117.90  -48.52 -176.95 
 1644  -35.10  -46.60 -179.31 
 1647  -73.12  -32.02  179.50 
 1650  -84.24  -39.23  178.56 
 1653 -129.32  123.99 -178.48 
 1656  -88.91  -33.29  179.55 
 1659 -130.71  135.24 -179.36 
 1662 -155.53  159.05 -179.92 
 1665  -96.81  129.53  178.49 
 1668 -104.65   99.38  178.79 
 1671  -78.63  130.13  179.52 
 1674 -118.42  139.40 -178.67 
 1677 -155.13 -178.31  179.65 
 1680  -67.06  -29.46  179.87 
 1683  -71.01  -29.78 -179.94 
 1686  145.83 -155.50 -179.71 
 1689 -108.05  129.43 -179.52 
 1692 -127.92  143.95  179.50 
 1695 -142.00  131.35  176.55 
 1698 -135.80  131.38 -178.61 
 1701 -161.28  144.08  178.05 
 1704 -101.94  150.03  177.31 
 1707  -77.41  168.44 -178.87 
 1710  -44.21  -45.59 -178.90 
 1713  -78.32  -14.22  180.00 
 1716   71.62   17.37  178.91 
 1719  -83.77  -28.69  179.91 
 1722 -124.99  163.49 -179.91 
 1725 -145.32  140.66  179.33 
 1728 -115.83  147.42  179.87 
 1731 -143.50  108.38 -179.42 
 1734 -103.85  139.99  178.52 
 1737 -143.10  112.89  178.00 
 1740 -114.99  100.01 -178.70 
 1743  -64.99  143.24 -179.11 
 1746  -57.18  -29.74 -179.65 
 1749  -65.67  -22.06 -179.86 
 1752  -78.81  -12.41  179.94 
 1755  -95.84  138.58  179.77 
 1758  -62.42  -35.93 -178.96 
 1761 -140.40  125.01  178.95 
 1764 -139.95  134.73  179.31 
 1767 -151.04  140.43  178.94 
 1770 -154.85  101.39 -178.98 
 1773  -71.98  -34.80  179.78 
 1776 -145.40  145.79 -179.00 
 1779  -67.99  135.30 -179.18 
 1782 -119.22  149.52  178.33 
 1785 -131.35   88.25 -178.62 
 1788  -90.10  114.57  177.65 
 1791  -73.19  119.13 -177.45 
 1794 -122.44  149.55  175.51 
 1797  -99.73  106.07 -177.78 
 1800  -64.50  -24.50  178.36 
 1803  -68.09  -47.84  179.33 
 1806  -66.17  -42.76  179.06 
 1809  -64.57  -22.64  178.52 
 1812  -75.74  -43.50  179.37 
 1815  -58.40  -49.67  179.49 
 1818  -60.18  -43.41  179.17 
 1821  -71.32  -18.56  178.18 
 1824  -70.28  -20.04  179.53 
 1827  -82.99    5.16  179.18 
 1830 -102.85  147.36  178.63 
 1833  -90.94  152.55 -179.37 
 1836  -63.76  -11.21  178.60 
 1839 -110.99    7.30 -179.92 
 1842  -75.52  140.95  177.63 
 1845  -85.93  123.69 -178.69 
 1848 -108.75  124.36  178.45 
 1851 -113.07  141.58  178.28 
 1854 -123.53  125.75 -179.62 
 1857 -137.73  126.17 -179.17 
 1860 -132.87  142.69  179.40 
 1863  -95.41  146.42 -178.75 
 1866  -54.07  -56.40  179.93 
 1869  -85.14   22.11 -177.85 
 1872  -85.59  152.50 -179.53 
 1875 -108.83    4.55 -179.06 
 1878 -138.95  158.39  177.00 
 1881 -116.85  134.07 -178.93 
 1884 -103.87  117.71  179.22 
 1887 -109.38  121.32  179.76 
 1890 -119.45  122.62 -179.46 
 1893 -109.37  127.36  179.33 
 1896 -111.43  113.37  178.57 
 1899  -67.95  137.09 -179.29 
 1902  -28.42  -51.92 -178.66 
 1905  -79.98    1.20 -178.90 
 1908   72.38    8.85 -179.43 
 1911  -88.21  -18.06  179.18 
 1914 -132.72  131.39  179.15 
 1917 -136.33  133.61  179.60 
 1920 -120.82  135.31  179.56 
 1923 -126.67  118.77  179.79 
 1926 -117.03  144.84  179.22 
 1929 -126.32   93.85 -179.56 
 1932  -84.31  124.05  179.04 
 1935  -70.82  137.51  179.44 
 1938  -92.30  171.79 -178.61 
 1941 -143.70  162.92  178.47 
 1944  -84.78  136.85  179.37 
 1947 -136.28  144.43  177.52 
 1950 -105.33   78.63 -177.60 
 1953  -77.33  155.81  179.90 
 1956 -138.35  104.87 -178.66 
 1959 -105.42  143.51 -179.08 
 1962  -93.48  160.42  179.10 
 1965 -104.84   99.54 -179.32 
 1968 -107.03  103.99  179.88 
 1971  -78.91  153.79  178.98 
 1974  -58.58  133.54  179.73 
 1977 -127.74 -177.39  176.62 
 1980 -135.58   99.67 -178.23 
 1983  -70.63  160.33 -179.96 
 1986  -72.28  -35.90 -179.22 
 1989 -134.21  138.44  178.18 
 1992 -137.49  117.93 -179.19 
 1995 -111.59  120.15  174.39 
 1998 -100.82  136.96 -179.79 
 2001 -161.21  169.06  179.49 
 2004  -62.90  130.02 -179.81 
 2007  -67.11  -27.33  177.88 
 2010  -69.44  -38.18  179.99 
 2013  -66.78  -46.03  178.88 
 2016  -59.46  -45.29  179.83 
 2019  -56.90  -50.33  179.96 
 2022  -55.31  -56.75 -179.27 
 2025  -52.02  -45.68 -179.77 
 2028  -63.75  -46.66 -179.63 
 2031  -61.43  -47.61 -179.81 
 2034  -59.44  -59.51 -179.75 
 2037  -56.59  -16.01  178.15 
 2040  -70.43  -24.25  178.96 
 2043  -78.67  -30.40 -178.41 
 2046  -85.17  -36.09 -179.69 
 2049 -161.99 -175.96  179.58 
 2052  -94.31  -41.30 -178.90 
 2055 -106.29  159.33 -179.50 
 2058 -130.41  133.68  179.01 
 2061 -101.50  104.54  179.72 
 2064  -90.68  110.09  178.60 
 2067 -102.51  117.47  179.65 
 2070 -112.27  129.91  179.44 
 2073 -138.12  167.72 -177.12 
 2076  -44.39  -47.64 -177.93 
 2079  -94.83   -3.10  179.95 
 2082  178.52  168.22  179.22 
 2085 -124.46  138.12 -179.26 
 2088 -120.45  136.17  178.34 
 2091 -111.72  139.36 -179.31 
 2094 -139.87  146.09 -179.88 
 2097 -139.97  149.49 -178.45 
 2100 -133.90  141.26  179.84 
 2103 -155.58 -171.87 -179.62 
 2106  -69.05  -30.87 -179.95 
 2109  -77.40  -17.55 -179.91 
 2112  143.80 -150.77  179.66 
 2115 -136.33  150.72 -179.85 
 2118 -115.85  156.72 -177.67 
 2121 -155.55  109.71 -178.84 
 2124 -109.26  129.05 -178.89 
 2127 -118.32  117.39  178.55 
 2130 -101.82  126.91 -179.87 
 2133 -100.37  133.11  179.67 
 2136  -50.42  125.30 -178.57 
 2139  -94.23  143.95  178.44 
 2142 -111.73  134.41  178.55 
 2145   39.71   84.90  179.65 
 2148 -116.46  -79.82   49.34 
 2151 -128.13  -43.56  178.96 
 2154  -80.79  -14.38 -177.87 
 2157  -92.39    5.05 -178.35 
 2160  -90.26  151.74  177.53 
 2163 -124.60   94.97  179.70 
 2166 -107.80  145.13 -178.14 
 2169 -122.24  150.85  177.75 
 2172 -133.89  106.34 -177.98 
 2175 -127.78  130.41  178.00 
 2178  -96.01  -28.77  179.26 
 2181 -172.48  139.46 -179.90 
 2184  -48.51  144.59  179.16 
 2187 -139.43  159.80  179.35 
 2190 -156.14  111.78 -178.68 
 2193 -126.48  158.91  178.87 
 2196 -116.41  139.08 -179.66 
 2199 -141.21  158.73  178.52 
 2202  -83.12  115.75 -179.43 
 2205  -58.34  -31.72  179.51 
 2208  -56.60  -40.13  179.44 
 2211  -68.70  -49.39 -179.40 
 2214  -56.40  -33.08  179.26 
 2217  -73.81    0.19  177.07 
 2220  -96.37  -41.72  179.69 
 2223  -58.62  -45.36  179.67 
 2226  -57.71   -3.88  177.93 
 2229  -77.60   -9.70  178.69 
 2232  -95.92   12.26 -179.73 
 2235  -54.46  -45.20  179.41 
 2238  -60.95  -14.54  179.63 
 2241  -72.72  -30.20 -178.21 
 2244 -149.03  151.76  178.43 
 2247  -71.09  -32.19 -179.16 
 2250 -116.14  169.96  178.59 
 2253 -149.65  133.70 -179.91 
 2256 -114.70  131.46  179.28 
 2259 -108.75  130.43  178.99 
 2262 -118.49  127.75 -178.99 
 2265 -132.43  160.40  177.69 
 2268 -162.53  152.70 -178.67 
 2271  -60.66  142.75  177.33 
 2274   52.94   29.52  178.69 
 2277 -140.84  154.68 -179.98 
 2280  -58.52  136.13  178.66 
 2283  -68.77  153.30  177.82 
 2286 -129.22  110.19  178.59 
 2289 -103.22  116.20 -177.69 
 2292 -119.13  130.61  177.85 
 2295 -108.62  113.54  178.66 
 2298  -76.77  113.77  177.38 
 2301  -79.44   87.76 -178.28 
 2304  -29.73  123.02  178.11 
 2307   67.96  -16.22  179.37 
 2310  -89.65  -59.22 -179.00 
 2313  177.68 -111.02 -179.70 
 2316 -169.61  176.16  178.28 
 2319 -142.15  114.83 -179.56 
 2322 -111.40  142.24  178.84 
 2325 -123.45  124.66  178.17 
 2328 -107.89  140.59  179.47 
 2331 -134.17  117.27 -179.78 
 2334  -63.21  137.46 -179.04 
 2337  -75.01  171.08  177.55 
 2340 -100.44  122.94 -178.95 
 2343   78.54  128.23  179.94 
 2346  -83.36  123.58  178.48 
 2349  -89.63  169.21  178.54 
 2352 -121.15  150.84 -179.00 
 2355  -49.81  -35.22 -178.96 
 2358  -66.51  -12.87  179.12 
 2361  -78.66  -15.54 -177.54 
 2364 -109.49  -33.08 -178.95 
 2367 -119.43  159.71 -179.68 
 2370  -73.36  136.68  179.47 
 2373 -114.16  142.64  178.38 
 2376 -134.01  129.29 -179.27 
 2379  -89.89  143.75 -179.98 
 2382 -131.03  138.01  178.95 
 2385 -106.68  105.13 -179.62 
 2388  -86.97  124.97  178.83 
 2391 -118.49  104.85 -179.55 
 2394 -128.11    0.00    0.00 
