     phi     psi   omega 
    0    0.00  145.59 -179.14 
    3 -113.76  132.18  177.82 
    6 -154.09  113.74  178.65 
    9 -122.23  146.10 -178.99 
   12 -128.64  130.03 -179.93 
   15 -123.32  109.01  179.92 
   18  -62.51  -32.29  178.43 
   21  -92.14   90.63  179.66 
   24  -57.88  -41.28 -179.47 
   27  -47.63  -46.45 -178.89 
   30  -46.11  -48.02 -178.69 
   33  -73.52  -30.63  178.28 
   36  -64.67  -54.44  178.98 
   39  -59.07  -39.24  179.61 
   42  -60.86  -42.64 -178.30 
   45  -73.12  -34.05  178.46 
   48  -72.61  -23.59  178.57 
   51  -79.42  -21.50 -178.71 
   54 -104.92  -48.04 -177.34 
   57  -36.14  -36.57 -178.96 
   60  -84.57  -27.98  178.83 
   63  -86.03  -43.66  178.62 
   66 -123.58  130.24 -178.83 
   69  -89.77  -43.77  179.93 
   72 -123.01  143.04 -179.82 
   75 -165.20  150.54  179.78 
   78  -88.20  131.29  178.15 
   81 -105.65  106.80  179.68 
   84  -89.39  118.93  179.51 
   87 -105.56  133.03 -179.53 
   90 -152.05  164.87 -179.18 
   93  -51.97  -29.13  179.53 
   96  -64.79  -39.02 -179.73 
   99  146.23 -159.36 -179.52 
  102  -91.37  132.18 -179.67 
  105 -133.17  140.14 -179.38 
  108 -148.74  128.82  177.30 
  111 -131.95  132.67 -177.92 
  114 -161.80  143.61  178.22 
  117 -100.40  151.85  177.49 
  120  -77.29  168.11 -179.08 
  123  -43.13  -44.65 -178.75 
  126  -83.94   -8.39 -179.64 
  129   69.07   15.04 -179.03 
  132  -80.59  -17.12 -179.17 
  135 -141.93  157.56 -179.83 
  138 -134.69  146.34  178.40 
  141 -122.56  148.88 -179.83 
  144 -145.16  113.33 -179.03 
  147 -106.21  141.64  178.29 
  150 -142.59  113.32  178.74 
  153 -115.95  102.09 -179.25 
  156  -63.59  137.99 -179.81 
  159  -54.81  -33.94  179.99 
  162  -64.33  -16.14  179.71 
  165  -81.10  -11.17 -179.82 
  168 -101.49  146.06  179.20 
  171  -64.43  -44.01 -179.54 
  174 -127.50  136.12  178.77 
  177 -152.29  125.75  179.75 
  180 -142.43  137.42  178.86 
  183 -155.21   96.55 -179.82 
  186  -64.69  -52.65 -179.78 
  189 -126.79  141.49  179.88 
  192  -61.42  133.75 -179.10 
  195 -118.19  145.31  177.97 
  198 -129.07   93.96 -178.13 
  201  -95.76  119.06  178.16 
  204  -74.61  112.20 -177.51 
  207 -117.59  143.70  177.59 
  210  -98.43  100.09 -177.99 
  213  -53.10  -27.93  178.62 
  216  -69.66  -37.41  178.73 
  219  -73.90  -41.90  179.79 
  222  -66.48  -30.03  179.18 
  225  -67.16  -41.86  178.66 
  228  -62.16  -44.45  179.28 
  231  -62.52  -46.87  179.90 
  234  -68.52  -23.18  177.53 
  237  -62.87  -23.41  179.95 
  240  -78.95   -6.87  179.53 
  243  -90.12  155.49  179.13 
  246  -97.14  154.23 -179.24 
  249  -63.64   -4.79  179.54 
  252 -117.92    2.77 -179.46 
  255  -72.86  148.83  177.44 
  258  -94.14  117.98 -178.12 
  261  -99.04  129.28  178.64 
  264 -115.33  134.62  178.41 
  267 -112.21  131.54  179.89 
  270 -143.96  125.52 -179.11 
  273 -140.28  143.27  179.40 
  276  -95.36  146.60 -179.49 
  279  -54.43  -46.13 -179.76 
  282  -93.89   14.86 -177.70 
  285  -88.72  142.93 -179.44 
  288  -96.47    4.65 -178.40 
  291 -133.12  162.81  177.26 
  294 -122.95  137.13 -178.27 
  297 -113.36  118.46  178.93 
  300 -109.74  131.00  179.99 
  303 -122.11  119.10 -179.50 
  306 -100.76  123.84 -179.90 
  309 -112.23  112.09  179.55 
  312  -61.60  132.95 -179.55 
  315  -53.59   20.38   58.30 
  318  -95.60   45.96  178.37 
  321 -126.42  118.08  179.37 
  324 -129.58  118.70  178.92 
  327  -98.06  145.71 -179.76 
  330 -140.15  114.56 -179.45 
  333 -111.32  156.35  179.63 
  336 -137.36   92.30 -178.50 
  339  -79.35  129.05  178.27 
  342  -73.86  134.77  178.33 
  345  -87.39 -162.50 -179.80 
  348 -167.85  167.98  179.40 
  351  -89.12  141.49 -179.69 
  354 -139.04  123.64  177.18 
  357  -89.25   79.62 -177.51 
  360  -77.17  157.68  178.07 
  363 -137.93  112.28 -178.98 
  366 -112.32  152.17 -179.53 
  369 -109.84  153.22  178.04 
  372  -93.08  106.85 -179.88 
  375 -112.00  103.69 -179.96 
  378  -76.83  153.67  178.72 
  381  -56.87  134.33  179.15 
  384 -131.90  165.99  176.26 
  387 -126.37  120.29 -177.13 
  390  -86.51  153.50  178.98 
  393  -62.81  -28.42  179.38 
  396 -146.13  135.80 -179.66 
  399 -134.79  104.91 -179.45 
  402  -98.36  130.55  175.99 
  405 -113.33  124.84 -179.35 
  408 -149.30  164.72  179.71 
  411  -63.39  128.53 -179.04 
  414  -57.70  -30.07  178.09 
  417  -66.98  -40.80 -179.65 
  420  -63.41  -43.57  179.93 
  423  -60.63  -48.68  179.48 
  426  -61.44  -38.30  178.70 
  429  -66.02  -49.60  179.42 
  432  -53.24  -58.51 -179.16 
  435  -53.63  -43.29  179.72 
  438  -66.36  -41.86 -178.22 
  441  -66.78  -48.88  178.98 
  444  -63.09  -18.53  178.40 
  447  -65.07  -32.21  179.83 
  450  -77.38   -4.67 -178.51 
  453 -110.06  -40.53 -179.11 
  456 -154.15 -175.67 -179.51 
  459  -96.98  -37.01 -179.74 
  462 -113.71  158.55  179.52 
  465 -126.08  129.64  179.69 
  468  -97.72   96.30 -179.37 
  471  -84.79  120.77  179.09 
  474 -115.05  119.47 -179.19 
  477 -117.03  128.58  179.07 
  480 -137.30 -178.78 -178.42 
  483  -70.47  -31.52 -177.90 
  486  -73.18  -36.35 -179.48 
  489 -175.96 -166.83  179.74 
  492 -130.15  156.39 -179.47 
  495 -136.73  131.13  178.90 
  498 -113.65  133.15 -178.47 
  501 -139.34  151.41  179.12 
  504 -141.59  160.52 -179.64 
  507 -143.74  142.45 -179.42 
  510 -154.89 -168.40 -179.03 
  513  -81.34   25.70  179.52 
  516 -138.40   -8.85 -179.28 
  519  137.22 -155.42 -178.67 
  522 -136.25  164.40  179.97 
  525 -130.00  151.90 -178.17 
  528 -148.21  111.94 -179.44 
  531 -110.55  113.55 -178.25 
  534 -106.26  114.37  178.79 
  537  -98.89  142.95 -179.97 
  540 -113.34  149.78  177.50 
  543  -60.26  137.73 -179.62 
  546  -95.18  139.51 -179.85 
  549  -84.54   30.86   62.17 
  552 -108.02  -40.29 -179.78 
  555  -92.55   -1.26 -179.31 
  558 -111.52   20.64 -178.20 
  561 -106.88  155.25  178.13 
  564 -126.00  111.25 -179.32 
  567 -121.17  147.07 -177.25 
  570 -128.74  114.25  177.92 
  573 -100.27   75.88 -178.89 
  576  -95.97  130.96  178.15 
  579  -99.07  -50.42  178.75 
  582 -134.88  147.13  179.74 
  585  -67.09  149.67  179.28 
  588 -139.22  150.45  177.82 
  591 -143.93  113.44 -178.08 
  594 -126.48  154.15  178.91 
  597 -109.92  125.21 -179.58 
  600 -131.44  150.92  179.72 
  603  -77.14  120.84 -178.66 
  606  -62.90  -29.24 -178.72 
  609  -55.71  -43.11  179.35 
  612  -75.09  -37.84  178.61 
  615  -61.36  -34.23  179.29 
  618  -72.57  -10.22  176.21 
  621  -88.08  -43.32  178.92 
  624  -56.85  -43.65 -178.18 
  627  -63.58   -1.37  178.25 
  630  -79.52   -7.89  179.81 
  633  -92.79    7.56 -179.82 
  636  -55.81  -50.61  179.93 
  639  -54.64  -16.15  179.26 
  642  -74.36  -24.47 -177.65 
  645 -154.65  153.76  179.52 
  648  -81.94  -16.52 -179.14 
  651 -134.73  158.06  178.97 
  654 -134.56  152.57  178.62 
  657 -129.18  131.15 -179.20 
  660 -109.58  121.74  179.91 
  663 -106.60  119.64 -178.60 
  666 -127.34  128.01  176.32 
  669 -126.86  149.90  179.88 
  672  -62.53  138.21  178.43 
  675   60.90   22.69  178.92 
  678 -128.37  164.01  179.51 
  681  -67.94  148.84  179.12 
  684  -77.78  150.54  178.20 
  687 -125.04  115.47  178.48 
  690 -108.36  110.74 -177.63 
  693 -109.91  135.39  179.02 
  696 -117.79  113.86  179.29 
  699  -82.67  115.92  175.32 
  702  -80.27  116.80 -176.57 
  705  -46.35  114.31  178.59 
  708   50.61   35.74  178.41 
  711 -128.14  -59.35  179.69 
  714  173.01 -115.56 -179.21 
  717 -169.07  176.84  178.26 
  720 -143.91  123.62 -179.49 
  723 -119.83  145.94  178.10 
  726 -124.17  125.02  177.42 
  729 -104.25  142.95  179.90 
  732 -132.75  120.59  179.55 
  735  -65.19  130.83 -179.57 
  738  -74.41  161.08  179.45 
  741  -93.42  135.17  178.34 
  744   81.00  110.43 -179.85 
  747  -58.13  119.53  179.36 
  750  -91.52  173.90  178.68 
  753 -125.16  155.03 -179.13 
  756  -52.96  -35.79  179.95 
  759  -67.33   -0.58  179.49 
  762  -92.58  -15.07 -177.29 
  765 -113.45  -27.79 -179.22 
  768 -125.69  145.40 -179.70 
  771  -66.11  127.98 -179.99 
  774 -105.89  148.42  178.35 
  777 -136.86  122.88 -179.64 
  780  -82.36  147.70 -179.24 
  783 -136.06  137.44  178.22 
  786 -101.71  117.42 -179.37 
  789  -98.77  116.42  179.77 
  792 -105.45  102.79  179.12 
  795 -170.08  139.98  179.82 
  798 -111.77  128.52  177.24 
  801 -148.64  116.96 -179.70 
  804 -126.13  126.73 -179.87 
  807 -109.08  130.05  179.63 
  810 -126.78  121.72  179.84 
  813  -71.91  -47.18  179.19 
  816  -77.43   75.30 -179.66 
  819  -62.67  -26.34 -179.64 
  822  -54.11  -35.03  179.36 
  825  -58.63  -43.37 -179.08 
  828  -71.33  -31.40  178.25 
  831  -67.74  -47.15  179.51 
  834  -61.62  -46.18  179.04 
  837  -53.45  -54.03 -179.95 
  840  -61.37  -36.03  177.83 
  843  -65.88  -25.22 -179.81 
  846  -86.99   -4.99 -178.04 
  849 -125.66  -44.23 -178.25 
  852  -40.07  -38.66 -179.39 
  855  -77.02  -32.11  179.27 
  858  -82.09  -46.75 -178.82 
  861 -127.20  123.10 -177.42 
  864  -82.91  -33.53  178.98 
  867 -130.48  147.21  179.54 
  870 -164.99  151.98 -179.62 
  873  -92.92  126.94  178.56 
  876 -102.06  115.17  179.93 
  879  -94.21  111.42  179.38 
  882 -102.79  126.96 -179.85 
  885 -136.12  171.59  179.43 
  888  -63.96  -20.66  178.54 
  891  -75.76  -27.71  179.71 
  894  142.89 -160.93  179.86 
  897  -97.43  124.14  179.18 
  900 -124.40  141.06  179.71 
  903 -145.89  126.10  177.39 
  906 -131.22  127.84 -179.82 
  909 -152.03  156.34 -178.07 
  912 -115.07  137.49  179.09 
  915  -71.82  163.02 -177.91 
  918  -42.58  -45.41 -179.33 
  921  -78.93   -7.54  179.83 
  924   60.94   25.90  178.92 
  927  -90.79  -30.12  179.63 
  930 -126.61  166.13 -178.76 
  933 -145.98  145.35  179.74 
  936 -117.27  146.08  178.67 
  939 -143.30  111.51 -179.44 
  942 -110.78  137.24  179.33 
  945 -139.31  121.92  178.42 
  948 -123.46   99.12 -179.08 
  951  -61.88  138.39 -179.95 
  954  -51.48  -29.55 -179.60 
  957  -71.03  -14.87  179.80 
  960  -80.32  -14.48 -179.66 
  963  -92.46  149.02  179.45 
  966  -70.45  -31.50 -179.70 
  969 -143.78  138.28  179.76 
  972 -148.43  135.45  178.03 
  975 -152.21  128.87  178.15 
  978 -148.13   99.59  179.80 
  981  -67.69  -56.70 -178.11 
  984 -119.39  138.30 -179.14 
  987  -60.37  135.72 -179.20 
  990 -118.03  153.02  177.85 
  993 -135.93   97.15 -178.43 
  996  -99.45  117.31  178.26 
  999  -76.91  107.98 -177.31 
 1002 -112.28  145.33  176.24 
 1005  -96.60  105.13 -177.54 
 1008  -58.98  -31.38  178.12 
 1011  -60.05  -52.22  179.63 
 1014  -63.27  -42.78  179.43 
 1017  -63.17  -34.36  179.37 
 1020  -66.24  -39.36  179.20 
 1023  -66.20  -31.31  179.35 
 1026  -74.60  -41.74  179.43 
 1029  -68.79  -24.04  178.96 
 1032  -69.77   -7.39  178.71 
 1035  -89.28   -9.13  179.11 
 1038  -92.62  143.94  178.23 
 1041  -85.01  172.67 -179.80 
 1044  -75.96  -11.54 -179.62 
 1047 -105.70   -4.09 -179.29 
 1050  -67.69  151.24  177.08 
 1053  -95.11  117.41 -178.46 
 1056  -99.18  126.78  179.54 
 1059 -117.16  126.92  178.07 
 1062 -105.64  136.11  179.67 
 1065 -145.77  128.25  179.95 
 1068 -138.82  151.56  179.42 
 1071 -104.82  154.02 -179.14 
 1074  -60.79  -48.33  179.09 
 1077  -91.24   21.01 -178.13 
 1080  -90.57  142.37  179.93 
 1083  -99.79    6.96 -178.83 
 1086 -135.60  161.20  177.64 
 1089 -120.81  136.70 -179.87 
 1092 -112.29  125.52  177.92 
 1095 -116.33  124.55  179.27 
 1098 -116.31  118.92  179.97 
 1101 -103.24  130.17  179.47 
 1104 -117.72  112.03  179.20 
 1107  -63.09  133.32 -179.96 
 1110  -67.25   42.35   25.55 
 1113  -63.07    9.41 -179.94 
 1116 -116.78  121.42  178.67 
 1119 -129.01  124.79  179.59 
 1122 -116.64  135.62 -179.95 
 1125 -125.56  123.72  179.35 
 1128 -121.29  149.21 -179.94 
 1131 -130.69   97.95 -178.14 
 1134  -86.29  124.84  178.25 
 1137  -71.57  140.07  179.84 
 1140  -96.27 -172.99 -179.43 
 1143 -155.55  165.37  178.95 
 1146  -84.37  138.11  179.73 
 1149 -137.99  130.84  177.26 
 1152  -98.12   72.10 -178.44 
 1155  -67.98  166.29  177.97 
 1158 -139.05  116.95 -177.29 
 1161 -113.75  144.42 -179.63 
 1164  -98.82  144.90  178.18 
 1167  -92.76  100.91 -179.05 
 1170 -106.21  102.67 -179.45 
 1173  -71.16  154.57  178.72 
 1176  -66.16  128.68 -179.61 
 1179 -123.67  164.20  176.04 
 1182 -118.75  105.46 -178.26 
 1185  -77.59  152.12  179.51 
 1188  -65.29  -30.13  179.89 
 1191 -141.65  131.45  179.00 
 1194 -133.81  113.82 -179.43 
 1197 -107.23  127.31  176.80 
 1200 -108.20  132.08 -179.42 
 1203 -160.82  160.90  179.42 
 1206  -57.19  128.42 -179.69 
 1209  -60.86  -32.62  179.66 
 1212  -68.16  -37.98  179.79 
 1215  -64.33  -46.28  178.57 
 1218  -60.52  -45.78  179.74 
 1221  -57.29  -43.67  179.73 
 1224  -58.17  -53.79 -179.14 
 1227  -50.81  -48.62 -178.97 
 1230  -64.48  -47.17 -179.51 
 1233  -57.28  -47.00 -178.67 
 1236  -66.32  -59.01  179.53 
 1239  -52.81  -21.32  179.00 
 1242  -63.10  -33.55  179.43 
 1245  -73.90  -23.01 -178.74 
 1248  -85.91  -37.11 -178.78 
 1251 -171.95 -179.68 -178.58 
 1254  -80.06  -45.99 -177.93 
 1257 -104.70  156.03 -179.39 
 1260 -124.12  136.45  178.38 
 1263 -106.64  110.05 -179.94 
 1266  -95.86  120.56  178.96 
 1269 -112.56  125.48  179.51 
 1272 -117.35  126.18  179.10 
 1275 -133.99  170.17 -177.01 
 1278  -54.56  -49.31 -177.19 
 1281  -94.51   24.79  179.39 
 1284  149.57  160.14  179.74 
 1287 -122.08  147.54 -178.31 
 1290 -128.16  134.08  179.46 
 1293 -114.68  131.13 -178.75 
 1296 -133.21  153.33  179.12 
 1299 -147.22  159.15 -179.52 
 1302 -147.03  143.91  179.62 
 1305 -156.89 -173.15 -179.68 
 1308  -64.90  -20.75  179.56 
 1311  -86.41  -12.44 -178.97 
 1314  137.76 -151.20  179.85 
 1317 -134.85  158.38 -179.80 
 1320 -126.88  148.55 -178.82 
 1323 -148.32  121.22 -179.32 
 1326 -115.70  125.25 -179.24 
 1329 -110.78  121.44  179.43 
 1332 -110.93  122.10  179.27 
 1335  -96.15  145.49  179.24 
 1338  -62.51  118.73 -178.79 
 1341  -61.34 -116.85   98.91 
 1344  -85.87  -60.04  179.41 
 1347  -87.61    2.64 -177.48 
 1350 -112.87    4.47 -178.74 
 1353  -93.58  169.68  177.93 
 1356 -135.26  123.72  179.86 
 1359 -132.45  145.03 -178.40 
 1362 -127.12  132.25  177.07 
 1365 -113.63   94.11 -176.42 
 1368 -113.85  112.96  178.60 
 1371  -84.22  -37.73 -179.69 
 1374 -148.64  146.34  179.33 
 1377  -65.40  150.70  179.18 
 1380 -141.66  147.52  178.44 
 1383 -141.66  113.81 -178.84 
 1386 -126.12  156.67  179.81 
 1389 -112.90  121.73 -178.93 
 1392 -130.16  149.91  179.40 
 1395  -75.66  116.35 -179.14 
 1398  -59.67  -23.65 -179.66 
 1401  -60.02  -46.27 -179.46 
 1404  -70.78  -41.53  179.73 
 1407  -58.14  -40.61  178.69 
 1410  -68.57   -0.29  176.52 
 1413  -97.63  -43.34  178.70 
 1416  -56.75  -50.27 -179.91 
 1419  -49.97  -17.58  177.88 
 1422  -68.10    2.66  179.53 
 1425 -104.58    0.19 -179.45 
 1428  -44.24  -45.33  179.92 
 1431  -60.87   -4.75  179.22 
 1434  -87.28  -19.19 -178.14 
 1437 -156.68  156.72  178.63 
 1440  -86.34  -11.09 -178.64 
 1443 -142.17  163.53 -179.77 
 1446 -143.89  152.85  177.70 
 1449 -119.84  141.20  178.86 
 1452 -115.69  119.88  179.08 
 1455 -110.25  122.64 -179.01 
 1458 -129.87  155.94  178.00 
 1461 -160.30  148.62 -178.67 
 1464  -61.77  136.29  177.42 
 1467   66.16   16.62  179.91 
 1470 -128.73  150.62  179.89 
 1473  -56.16  138.64  178.71 
 1476  -70.22  147.77  177.74 
 1479 -123.30  115.69  178.94 
 1482 -107.04  113.58 -178.40 
 1485 -113.50  132.80  177.79 
 1488 -115.68  111.28 -179.95 
 1491  -76.92  107.89  176.48 
 1494  -70.68  116.45 -176.38 
 1497  -43.65  107.31  178.54 
 1500   56.15   26.06  178.29 
 1503 -115.23  -53.22 -179.90 
 1506  170.12 -110.95 -178.51 
 1509 -170.47  175.98  177.50 
 1512 -142.60  117.31 -179.14 
 1515 -112.50  138.77  178.69 
 1518 -120.41  127.82  178.64 
 1521 -107.81  136.60 -179.49 
 1524 -126.80  116.74  179.17 
 1527  -65.47  133.52 -179.79 
 1530  -71.27  158.14  179.90 
 1533  -87.62  111.15  178.87 
 1536   50.09  113.79 -179.82 
 1539  -68.06  113.49  178.11 
 1542  -82.67  168.07  179.45 
 1545 -115.67  156.27 -179.49 
 1548  -59.23  -28.00 -179.35 
 1551  -72.98  -12.07  179.29 
 1554  -75.19  -25.69 -177.02 
 1557 -104.99  -29.63 -178.78 
 1560 -124.89  146.93  179.99 
 1563  -66.03  121.90  179.96 
 1566  -95.71  151.33 -179.97 
 1569 -142.59  101.37  179.87 
 1572  -60.63  137.55 -179.78 
 1575 -130.00  135.10  177.59 
 1578  -99.00  119.26 -179.38 
 1581 -110.57  120.74  179.10 
 1584 -108.67  119.40 -179.23 
 1587  173.48  136.38  179.49 
 1590 -110.52  132.42  178.67 
 1593 -152.49  120.71  179.77 
 1596 -128.00  139.22 -179.77 
 1599 -121.47  114.65  179.27 
 1602 -108.42  110.22 -179.85 
 1605  -64.72  -32.82  178.93 
 1608  -91.17   73.59 -179.55 
 1611  -51.25  -41.82 -179.85 
 1614  -43.13  -37.34  179.83 
 1617  -57.35  -53.86 -178.74 
 1620  -65.48  -25.50  177.88 
 1623  -70.75  -46.20  179.17 
 1626  -65.35  -42.23 -179.43 
 1629  -55.18  -43.82 -178.82 
 1632  -74.64  -24.72  177.32 
 1635  -76.60  -21.11 -179.86 
 1638  -88.83   -5.98 -178.88 
 1641 -117.90  -48.52 -176.95 
 1644  -35.10  -46.60 -179.31 
 1647  -73.12  -32.02  179.50 
 1650  -84.24  -39.23  178.56 
 1653 -129.32  123.99 -178.48 
 1656  -88.91  -33.29  179.55 
 1659 -130.71  135.24 -179.36 
 1662 -155.53  159.05 -179.92 
 1665  -96.81  129.53  178.49 
 1668 -104.65   99.38  178.79 
 1671  -78.63  130.13  179.52 
 1674 -118.42  139.40 -178.67 
 1677 -155.13 -178.31  179.65 
 1680  -67.06  -29.46  179.87 
 1683  -71.01  -29.78 -179.94 
 1686  145.83 -155.50 -179.71 
 1689 -108.05  129.43 -179.52 
 1692 -127.92  143.95  179.50 
 1695 -142.00  131.35  176.55 
 1698 -135.80  131.38 -178.61 
 1701 -161.28  144.08  178.05 
 1704 -101.94  150.03  177.31 
 1707  -77.41  168.44 -178.87 
 1710  -44.21  -45.59 -178.90 
 1713  -78.32  -14.22  180.00 
 1716   71.62   17.37  178.91 
 1719  -83.77  -28.69  179.91 
 1722 -124.99  163.49 -179.91 
 1725 -145.32  140.66  179.33 
 1728 -115.83  147.42  179.87 
 1731 -143.50  108.38 -179.42 
 1734 -103.85  139.99  178.52 
 1737 -143.10  112.89  178.00 
 1740 -114.99  100.01 -178.70 
 1743  -64.99  143.24 -179.11 
 1746  -57.18  -29.74 -179.65 
 1749  -65.67  -22.06 -179.86 
 1752  -78.81  -12.41  179.94 
 1755  -95.84  138.58  179.77 
 1758  -62.42  -35.93 -178.96 
 1761 -140.40  125.01  178.95 
 1764 -139.95  134.73  179.31 
 1767 -151.04  140.43  178.94 
 1770 -154.85  101.39 -178.98 
 1773  -71.98  -34.80  179.78 
 1776 -145.40  145.79 -179.00 
 1779  -67.99  135.30 -179.18 
 1782 -119.22  149.52  178.33 
 1785 -131.35   88.25 -178.62 
 1788  -90.10  114.57  177.65 
 1791  -73.19  119.13 -177.45 
 1794 -122.44  149.55  175.51 
 1797  -99.73  106.07 -177.78 
 1800  -64.50  -24.50  178.36 
 1803  -68.09  -47.84  179.33 
 1806  -66.17  -42.76  179.06 
 1809  -64.57  -22.64  178.52 
 1812  -75.74  -43.50  179.37 
 1815  -58.40  -49.67  179.49 
 1818  -60.18  -43.41  179.17 
 1821  -71.32  -18.56  178.18 
 1824  -70.28  -20.04  179.53 
 1827  -82.99    5.16  179.18 
 1830 -102.85  147.36  178.63 
 1833  -90.94  152.55 -179.37 
 1836  -63.76  -11.21  178.60 
 1839 -110.99    7.30 -179.92 
 1842  -75.52  140.95  177.63 
 1845  -85.93  123.69 -178.69 
 1848 -108.75  124.36  178.45 
 1851 -113.07  141.58  178.28 
 1854 -123.53  125.75 -179.62 
 1857 -137.73  126.17 -179.17 
 1860 -132.87  142.69  179.40 
 1863  -95.41  146.42 -178.75 
 1866  -54.07  -56.40  179.93 
 1869  -85.14   22.11 -177.85 
 1872  -85.59  152.50 -179.53 
 1875 -108.83    4.55 -179.06 
 1878 -138.95  158.39  177.00 
 1881 -116.85  134.07 -178.93 
 1884 -103.87  117.71  179.22 
 1887 -109.38  121.32  179.76 
 1890 -119.45  122.62 -179.46 
 1893 -109.37  127.36  179.33 
 1896 -111.43  113.37  178.57 
 1899  -67.95  137.09 -179.29 
 1902  -28.42  -51.92 -178.66 
 1905  -79.98    1.20 -178.90 
 1908   72.38    8.85 -179.43 
 1911  -88.21  -18.06  179.18 
 1914 -132.72  131.39  179.15 
 1917 -136.33  133.61  179.60 
 1920 -120.82  135.31  179.56 
 1923 -126.67  118.77  179.79 
 1926 -117.03  144.84  179.22 
 1929 -126.32   93.85 -179.56 
 1932  -84.31  124.05  179.04 
 1935  -70.82  137.51  179.44 
 1938  -92.30  171.79 -178.61 
 1941 -143.70  162.92  178.47 
 1944  -84.78  136.85  179.37 
 1947 -136.28  144.43  177.52 
 1950 -105.33   78.63 -177.60 
 1953  -77.33  155.81  179.90 
 1956 -138.35  104.87 -178.66 
 1959 -105.42  143.51 -179.08 
 1962  -93.48  160.42  179.10 
 1965 -104.84   99.54 -179.32 
 1968 -107.03  103.99  179.88 
 1971  -78.91  153.79  178.98 
 1974  -58.58  133.54  179.73 
 1977 -127.74 -177.39  176.62 
 1980 -135.58   99.67 -178.23 
 1983  -70.63  160.33 -179.96 
 1986  -72.28  -35.90 -179.22 
 1989 -134.21  138.44  178.18 
 1992 -137.49  117.93 -179.19 
 1995 -111.59  120.15  174.39 
 1998 -100.82  136.96 -179.79 
 2001 -161.21  169.06  179.49 
 2004  -62.90  130.02 -179.81 
 2007  -67.11  -27.33  177.88 
 2010  -69.44  -38.18  179.99 
 2013  -66.78  -46.03  178.88 
 2016  -59.46  -45.29  179.83 
 2019  -56.90  -50.33  179.96 
 2022  -55.31  -56.75 -179.27 
 2025  -52.02  -45.68 -179.77 
 2028  -63.75  -46.66 -179.63 
 2031  -61.43  -47.61 -179.81 
 2034  -59.44  -59.51 -179.75 
 2037  -56.59  -16.01  178.15 
 2040  -70.43  -24.25  178.96 
 2043  -78.67  -30.40 -178.41 
 2046  -85.17  -36.09 -179.69 
 2049 -161.99 -175.96  179.58 
 2052  -94.31  -41.30 -178.90 
 2055 -106.29  159.33 -179.50 
 2058 -130.41  133.68  179.01 
 2061 -101.50  104.54  179.72 
 2064  -90.68  110.09  178.60 
 2067 -102.51  117.47  179.65 
 2070 -112.27  129.91  179.44 
 2073 -138.12  167.72 -177.12 
 2076  -44.39  -47.64 -177.93 
 2079  -94.83   -3.10  179.95 
 2082  178.52  168.22  179.22 
 2085 -124.46  138.12 -179.26 
 2088 -120.45  136.17  178.34 
 2091 -111.72  139.36 -179.31 
 2094 -139.87  146.09 -179.88 
 2097 -139.97  149.49 -178.45 
 2100 -133.90  141.26  179.84 
 2103 -155.58 -171.87 -179.62 
 2106  -69.05  -30.87 -179.95 
 2109  -77.40  -17.55 -179.91 
 2112  143.80 -150.77  179.66 
 2115 -136.33  150.72 -179.85 
 2118 -115.85  156.72 -177.67 
 2121 -155.55  109.71 -178.84 
 2124 -109.26  129.05 -178.89 
 2127 -118.32  117.39  178.55 
 2130 -101.82  126.91 -179.87 
 2133 -100.37  133.11  179.67 
 2136  -50.42  125.30 -178.57 
 2139  -94.23  143.95  178.44 
 2142 -111.73  134.41  178.55 
 2145   39.71   84.90  179.65 
 2148 -116.46  -79.82   49.34 
 2151 -128.13  -43.56  178.96 
 2154  -80.79  -14.38 -177.87 
 2157  -92.39    5.05 -178.35 
 2160  -90.26  151.74  177.53 
 2163 -124.60   94.97  179.70 
 2166 -107.80  145.13 -178.14 
 2169 -122.24  150.85  177.75 
 2172 -133.89  106.34 -177.98 
 2175 -127.78  130.41  178.00 
 2178  -96.01  -28.77  179.26 
 2181 -172.48  139.46 -179.90 
 2184  -48.51  144.59  179.16 
 2187 -139.43  159.80  179.35 
 2190 -156.14  111.78 -178.68 
 2193 -126.48  158.91  178.87 
 2196 -116.41  139.08 -179.66 
 2199 -141.21  158.73  178.52 
 2202  -83.12  115.75 -179.43 
 2205  -58.34  -31.72  179.51 
 2208  -56.60  -40.13  179.44 
 2211  -68.70  -49.39 -179.40 
 2214  -56.40  -33.08  179.26 
 2217  -73.81    0.19  177.07 
 2220  -96.37  -41.72  179.69 
 2223  -58.62  -45.36  179.67 
 2226  -57.71   -3.88  177.93 
 2229  -77.60   -9.70  178.69 
 2232  -95.92   12.26 -179.73 
 2235  -54.46  -45.20  179.41 
 2238  -60.95  -14.54  179.63 
 2241  -72.72  -30.20 -178.21 
 2244 -149.03  151.76  178.43 
 2247  -71.09  -32.19 -179.16 
 2250 -116.14  169.96  178.59 
 2253 -149.65  133.70 -179.91 
 2256 -114.70  131.46  179.28 
 2259 -108.75  130.43  178.99 
 2262 -118.49  127.75 -178.99 
 2265 -132.43  160.40  177.69 
 2268 -162.53  152.70 -178.67 
 2271  -60.66  142.75  177.33 
 2274   52.94   29.52  178.69 
 2277 -140.84  154.68 -179.98 
 2280  -58.52  136.13  178.66 
 2283  -68.77  153.30  177.82 
 2286 -129.22  110.19  178.59 
 2289 -103.22  116.20 -177.69 
 2292 -119.13  130.61  177.85 
 2295 -108.62  113.54  178.66 
 2298  -76.77  113.77  177.38 
 2301  -79.44   87.76 -178.28 
 2304  -29.73  123.02  178.11 
 2307   67.96  -16.22  179.37 
 2310  -89.65  -59.22 -179.00 
 2313  177.68 -111.02 -179.70 
 2316 -169.61  176.16  178.28 
 2319 -142.15  114.83 -179.56 
 2322 -111.40  142.24  178.84 
 2325 -123.45  124.66  178.17 
 2328 -107.89  140.59  179.47 
 2331 -134.17  117.27 -179.78 
 2334  -63.21  137.46 -179.04 
 2337  -75.01  171.08  177.55 
 2340 -100.44  122.94 -178.95 
 2343   78.54  128.23  179.94 
 2346  -83.36  123.58  178.48 
 2349  -89.63  169.21  178.54 
 2352 -121.15  150.84 -179.00 
 2355  -49.81  -35.22 -178.96 
 2358  -66.51  -12.87  179.12 
 2361  -78.66  -15.54 -177.54 
 2364 -109.49  -33.08 -178.95 
 2367 -119.43  159.71 -179.68 
 2370  -73.36  136.68  179.47 
 2373 -114.16  142.64  178.38 
 2376 -134.01  129.29 -179.27 
 2379  -89.89  143.75 -179.98 
 2382 -131.03  138.01  178.95 
 2385 -106.68  105.13 -179.62 
 2388  -86.97  124.97  178.83 
 2391 -118.49  104.85 -179.55 
 2394 -128.11  -61.37 -179.05 
 2397  -56.27  -50.34  178.21 
 2400  -71.30  -27.07  172.44 
 2403  -68.32  -48.04 -175.88 
 2406  -66.20  -27.21  179.47 
 2409  -68.32  -18.87 -178.12 
 2412  -86.59  -16.68 -177.38 
 2415  -76.99  154.45  172.82 
 2418  -48.46  138.86 -174.71 
 2421  -55.50  139.22  173.52 
 2424  -93.80  162.51  173.12 
 2427  -48.52  120.52 -174.82 
 2430 -108.21  124.99 -177.02 
 2433  -61.67  -34.10  177.65 
 2436  -53.09  -46.49  178.42 
 2439  -61.41  -35.80 -179.87 
 2442  -74.48  -32.66 -178.10 
 2445  -77.16  -42.29  177.37 
 2448  -73.56  125.23  170.71 
 2451  -61.40  -58.76 -178.09 
 2454  -77.99  126.32  173.23 
 2457  -78.73 -174.85 -178.27 
 2460  -60.42  -43.71 -179.68 
 2463  -60.12  -49.71  177.99 
 2466  -63.21  -40.33  175.41 
 2469  -60.39  -39.64 -178.90 
 2472  -65.85  -37.82  177.19 
 2475  -60.44  -50.61 -178.47 
 2478  -61.70  -40.00  178.64 
 2481  -64.01  -41.12  179.53 
 2484  -60.24  -40.20  176.68 
 2487  -66.62  -30.02  179.83 
 2490  -82.31  -24.00  178.58 
 2493   92.24   28.86  176.84 
 2496 -117.77  144.57  178.60 
 2499  -74.85  -47.92  179.43 
 2502 -126.49  157.58  174.66 
 2505  -60.97  -36.34  176.99 
 2508  -54.23  -39.99  177.75 
 2511  -63.20  -47.69  178.58 
 2514  -58.92  -49.62  179.57 
 2517  -59.26  -34.77  178.03 
 2520  -65.61  -29.12  177.58 
 2523  -86.30  -33.45 -178.19 
 2526  -72.94  -36.57 -176.97 
 2529 -105.66  122.26  178.62 
 2532  -60.84  126.29 -175.35 
 2535  -54.14  -31.72  179.88 
 2538  -57.73  -29.08 -179.23 
 2541 -115.97   -3.71 -179.27 
 2544  -61.16  120.94  175.78 
 2547  -61.36  119.17 -167.84 
 2550  -83.89    5.51 -177.11 
 2553 -147.71  179.41  174.08 
 2556  -78.48  143.69  172.60 
 2559  -59.00  138.86  177.02 
 2562  -87.06   82.04 -179.37 
 2565 -131.18  158.32  178.69 
 2568  -59.85  137.54  175.94 
 2571  -49.39  146.21 -176.61 
 2574  -59.13  146.36  173.16 
 2577 -116.66  161.63  171.93 
 2580  -68.08  162.27  174.76 
 2583  -55.09  -44.74 -178.03 
 2586  -64.99  -39.72 -178.43 
 2589  -72.64  -41.34  177.05 
 2592  -63.22  -45.36  176.02 
 2595  -55.73  -48.80  178.60 
 2598  -59.72  -39.87  178.38 
 2601  -67.93  -43.60  179.69 
 2604  -68.07  -33.33  176.05 
 2607  -61.25  -39.33  180.00 
 2610  -71.97  -31.81  174.37 
 2613  -67.30  -49.86  178.30 
 2616  -57.17  -34.20 -177.86 
 2619  -64.87  -13.33  178.51 
 2622  -84.17  -15.91  168.89 
 2625  -74.34  153.57  176.29 
 2628 -120.10  126.35  178.60 
 2631  -88.25   99.36  177.78 
 2634  -90.06  167.60  165.04 
 2637  -85.80  100.38 -176.59 
 2640  -93.62  115.22  176.11 
 2643 -108.08   37.52 -172.69 
 2646  -74.93  -36.45 -178.42 
 2649   75.52 -128.46  177.34 
 2652   59.39   35.44  175.00 
 2655   94.39    3.39  176.86 
 2658 -137.90  129.53 -172.79 
 2661 -140.88  131.91  179.70 
 2664  -60.61  146.48 -173.56 
 2667 -147.18  163.68 -179.48 
 2670 -106.69  111.50  173.28 
 2673  -76.99  115.48  177.59 
 2676  -54.53  126.79 -176.96 
 2679  -48.52  -41.22 -179.42 
 2682  -60.03  -34.53  175.42 
 2685  -73.60  -40.15  179.59 
 2688  -61.61  -47.25 -176.86 
 2691  -71.95  -44.68 -168.45 
 2694  -97.35   -3.07  170.62 
 2697 -120.47  -67.58 -174.40 
 2700  -60.53  -31.18 -179.94 
 2703 -109.00   30.72 -176.43 
 2706 -125.83  108.63 -177.67 
 2709  -58.54  -20.93  176.26 
 2712  -61.93  -25.45 -179.86 
 2715 -100.19  -29.79 -174.32 
 2718 -102.87   -2.94 -174.62 
 2721  -94.99  -20.75  178.61 
 2724  -74.97  169.18  175.73 
 2727 -111.23 -154.37 -177.97 
 2730  -53.79  140.88  177.06 
 2733  -71.99   57.00  172.68 
 2736  -51.91  -47.42 -175.54 
 2739 -101.52   87.12 -165.22 
 2742  -65.00  -28.04 -177.57 
 2745  -61.79  -26.65  179.52 
 2748 -111.40   27.18  177.88 
 2751 -138.89   23.52 -174.46 
 2754  -65.04  -25.59 -178.24 
 2757  -67.24  -57.61  178.94 
 2760  -69.98  -27.84  174.30 
 2763  -63.34  -37.79  176.82 
 2766  -65.36  -40.99  178.54 
 2769  -65.11  -37.70  174.74 
 2772  -66.40  -38.84  174.29 
 2775  -60.06  -40.05  173.79 
 2778  -60.46  -42.69  176.35 
 2781  -56.10  -48.66 -179.07 
 2784  -61.96  -42.21  179.01 
 2787  -63.57  -44.26  178.38 
 2790  -58.20  -45.22  179.64 
 2793  -65.91  -44.94  175.02 
 2796  -56.82  -51.26  179.09 
 2799  -57.67  -48.36 -175.52 
 2802  -69.54  -41.38 -176.85 
 2805  -81.44  -19.40 -174.50 
 2808   71.18   16.94  177.69 
 2811 -108.20  153.26 -166.14 
 2814  -80.93  -25.83 -173.22 
 2817 -124.80  131.09  176.61 
 2820 -136.28  139.05  179.91 
 2823  -88.58 -174.05 -170.07 
 2826  -85.87   -1.13  170.91 
 2829  126.12  155.99  176.56 
 2832 -122.63 -176.22 -165.78 
 2835  -67.62  -51.23 -179.89 
 2838 -163.92  174.44 -173.18 
 2841  -58.93  -51.56 -178.35 
 2844  -58.78  -44.52  178.61 
 2847  -68.87  -34.63  174.63 
 2850  -59.17  -44.28  176.79 
 2853  -61.11  -39.76  177.13 
 2856  -66.02  -33.83  174.53 
 2859  -65.22  -34.07  178.17 
 2862  -68.00  -38.18  176.09 
 2865  -59.86  -45.81 -179.60 
 2868  -63.80  -46.25  177.95 
 2871  -57.99  -46.28 -179.93 
 2874  -58.86  -41.43  178.44 
 2877  -61.88  -41.40 -177.64 
 2880  -65.53  -29.65 -178.70 
 2883  -79.85  -36.82 -178.47 
 2886  -62.06  157.98  174.21 
 2889 -131.46   15.71 -179.82 
 2892  -94.49  174.78  176.93 
 2895  -80.58    9.59 -176.58 
 2898  -71.51  138.02  174.98 
 2901 -131.59   18.06 -178.93 
 2904 -112.71  143.64  175.67 
 2907 -123.05  125.04 -177.92 
 2910  -86.75  129.38  172.21 
 2913 -120.36  124.52  179.76 
 2916  -62.67  138.91 -179.52 
 2919  -66.23  -15.26  176.67 
 2922 -102.17   22.88  163.98 
 2925  -71.28  161.35  174.63 
 2928  -56.43  138.09 -172.93 
 2931  -61.58  -35.34  179.14 
 2934  -68.85  -29.12  175.82 
 2937  -64.86  -43.23  179.93 
 2940  -63.29  -39.58 -179.68 
 2943  -64.78  -41.22  179.45 
 2946  -65.09  -42.10  176.84 
 2949  -63.38  -43.87  178.95 
 2952  -60.82  -39.80 -177.73 
 2955  -66.77  -37.90  177.60 
 2958  -73.86  -30.35 -177.19 
 2961  -76.20  -32.57 -172.24 
 2964  -56.13  -54.36 -178.80 
 2967  -69.17  -13.60 -177.99 
 2970  -93.00   -6.64 -179.99 
 2973   73.36   16.49  178.11 
 2976  -79.53  131.31  176.75 
 2979  -81.87  118.00  175.96 
 2982  -93.47  117.36  176.69 
 2985  -99.62  109.41  178.73 
 2988  -95.40  114.67 -170.59 
 2991 -153.40 -176.21 -175.23 
 2994  -94.81  120.84 -178.65 
 2997  -64.21  -27.78  177.55 
 3000  -60.53  -36.38 -170.59 
 3003 -118.61   -5.66 -178.52 
 3006  -50.80  125.26 -170.13 
 3009  -81.01  -20.44 -169.35 
 3012   59.37   24.32  175.20 
 3015  -80.08  -13.76  170.80 
 3018 -104.04  131.28 -179.85 
 3021  -67.11  127.43  176.24 
 3024 -120.82  150.70  174.68 
 3027  -99.20  -10.83 -179.02 
 3030 -165.56  161.24  177.17 
 3033 -142.29  141.91  179.61 
 3036 -117.62  125.49 -178.70 
 3039 -123.31  148.10 -176.98 
 3042 -106.54  128.82 -170.12 
 3045 -135.41  105.07   -7.52 
 3048  -67.92  165.90 -175.65 
 3051  -70.34  172.52 -173.71 
 3054  -65.16  -24.95  179.26 
 3057  -95.16    8.62  173.94 
 3060   96.38  -10.81 -175.17 
 3063  -65.80  130.56  175.46 
 3066  -98.31  121.60 -179.49 
 3069 -119.76  153.23  173.05 
 3072  -90.01  112.74 -172.33 
 3075  -95.76    4.93 -173.64 
 3078  -58.41  -43.57 -177.87 
 3081  -71.34  -34.67  174.35 
 3084  -62.85  -48.03  179.90 
 3087  -57.21  -42.07 -179.07 
 3090  -68.22  -39.32  178.19 
 3093  -68.34  -41.59  178.04 
 3096  -59.45  -41.63  177.59 
 3099  -65.19  -40.44  177.50 
 3102  -70.11  -13.18  171.01 
 3105 -102.72   17.25  171.92 
 3108   64.26   24.53  177.75 
 3111 -102.17  146.03  170.99 
 3114  -84.97  144.60  178.75 
 3117 -113.25  129.61  177.92 
 3120 -110.44  131.63  171.04 
 3123 -104.00  123.66  166.59 
 3126  -84.79  105.40 -168.87 
 3129 -122.02  125.87  176.28 
 3132  -62.76  118.49 -171.93 
 3135  -70.96  -24.12  175.57 
 3138  -71.21  -39.34  178.10 
 3141  -61.58  -30.08 -179.58 
 3144  -69.04   -7.22  171.42 
 3147  -72.60  -18.56 -176.77 
 3150 -117.15  -33.74 -173.06 
 3153  -97.65  145.54  175.04 
 3156  -54.37  127.03 -171.32 
 3159  -81.21  159.35 -179.56 
 3162  -47.82  -46.15  176.48 
 3165  -50.49  -45.60 -175.06 
 3168  -80.35  -19.38  175.70 
 3171  -80.94  -12.83 -179.02 
 3174   98.89    5.30 -179.17 
 3177  -64.37  154.61 -177.70 
 3180  -96.14  -27.34 -178.30 
 3183 -141.27  146.07  171.00 
 3186 -128.02  137.00  172.95 
 3189 -132.87  164.46  172.96 
 3192  171.86 -179.79  177.24 
 3195  -96.66  142.89  169.75 
 3198 -100.87   15.15  177.76 
 3201  -49.09  -41.96 -178.69 
 3204  -65.52   -9.17  176.52 
 3207  -89.68   56.98  170.90 
 3210   76.90   23.12  177.84 
 3213 -102.47  131.26  179.61 
 3216  -54.01  142.22  173.12 
 3219  -46.73  -45.30  172.93 
 3222   63.46   17.22 -173.28 
 3225   49.57   36.93  174.87 
 3228  132.17  -31.69 -176.90 
 3231  173.45 -179.34    5.81 
 3234  -86.18  148.50  175.08 
 3237 -141.09  146.55  177.52 
 3240  -87.10  124.47  172.96 
 3243  -90.24  154.61  177.88 
 3246 -107.90  161.19  178.64 
 3249 -150.20  119.13 -177.92 
 3252 -133.54  149.19  177.91 
 3255 -154.48 -176.03 -179.46 
 3258  -76.43  153.09  178.44 
 3261  -57.05  -29.98  179.39 
 3264  -64.19  -17.89 -176.55 
 3267 -111.42   16.25 -171.76 
 3270  -65.43  -29.00 -178.84 
 3273  -73.93  -17.62 -177.43 
 3276  -99.35    1.37  179.98 
 3279  -56.67  126.38  178.00 
 3282  -78.69  159.36  173.76 
 3285   75.01 -150.27 -168.29 
 3288 -113.00  147.64 -178.01 
 3291 -147.20  132.12 -177.39 
 3294  -81.19  131.42  175.67 
 3297 -120.61  156.10 -179.86 
 3300  -93.94  123.72 -178.64 
 3303 -127.08 -163.10  178.99 
 3306 -128.24  145.27  173.97 
 3309  -91.63 -177.63 -178.40 
 3312  -63.57  -15.37  179.43 
 3315  -97.84    4.00 -179.66 
 3318   82.42    4.17  179.06 
 3321  -85.41  153.24  178.87 
 3324  -62.19  139.29  177.83 
 3327 -148.99  150.29 -177.37 
 3330 -102.88  155.89  174.02 
 3333 -147.75  154.50 -177.40 
 3336  -98.04  100.98 -175.09 
 3339  -75.27  166.40  179.33 
 3342 -115.01  159.70  171.12 
 3345  -63.52  123.96  177.44 
 3348  -64.34  142.19 -175.72 
 3351  -75.33  119.61  179.85 
 3354 -104.38  137.28  172.19 
 3357 -101.74  117.59  177.98 
 3360 -167.63  153.84 -174.96 
 3363  -59.11  -20.98 -177.62 
 3366  -97.41   10.70 -177.79 
 3369  -61.34  -28.52 -176.94 
 3372  -64.83  -14.46  176.24 
 3375 -123.20   -7.66 -179.08 
 3378 -101.40    9.75 -173.26 
 3381  -73.95  145.58  171.93 
 3384 -128.33  148.07 -178.11 
 3387 -115.42   12.91 -173.95 
 3390  -91.40  124.69 -178.72 
 3393 -116.32    0.12 -175.28 
 3396 -117.56  174.25  169.86 
 3399 -132.05  157.39  174.86 
 3402  -77.98   65.63 -167.69 
 3405  -54.28  -54.87 -176.62 
 3408  -56.87  -38.18 -176.60 
 3411  -80.11  -27.87  175.57 
 3414  -72.56  -36.48  174.86 
 3417  -60.92  -46.08 -179.90 
 3420  -61.80  -43.30 -178.52 
 3423  -68.55  -39.95  178.56 
 3426  -66.06  -37.49  179.35 
 3429  -69.48  -30.78  170.71 
 3432  -57.45  -45.30  177.30 
 3435  -67.08  -38.91  176.83 
 3438  -62.28  -41.93 -172.96 
 3441  -76.03  -34.79 -177.09 
 3444  -88.88  -33.90 -178.20 
 3447   75.26  172.03  178.91 
 3450  -62.85  -36.44 -177.99 
 3453  -71.59  -42.46  176.71 
 3456  -62.50  -43.66  179.82 
 3459  -63.84  -46.28 -179.00 
 3462  -62.10  -38.90  178.08 
 3465  -64.24  -36.90  173.54 
 3468  -59.99  -51.21  178.82 
 3471  -61.76  -44.16 -178.27 
 3474  -62.23  -42.55 -179.63 
 3477  -65.79  -40.76  174.06 
 3480  -57.85  -48.41 -179.44 
 3483  -61.14  -43.62 -177.11 
 3486  -64.96  -41.31  175.22 
 3489  -63.67  -37.85  178.42 
 3492  -67.00  -42.36  176.71 
 3495  -62.39  -45.03  176.47 
 3498  -57.50  -46.00  176.31 
 3501  -55.17  -48.68 -178.57 
 3504  -58.99  -42.97 -177.85 
 3507  -63.61  -45.76  178.56 
 3510  -63.88  -40.69  178.43 
 3513  -63.16  -39.20  176.29 
 3516  -64.79  -37.46  179.16 
 3519  -68.65  -17.33  174.71 
 3522  -97.92   13.71  176.82 
 3525   64.68   32.80  165.66 
 3528  -91.35  155.51  174.86 
 3531 -100.24  141.71  179.14 
 3534 -111.32  136.14 -169.03 
 3537 -108.81   -7.18  175.16 
 3540  -91.17  119.34  173.42 
 3543  -60.94  -42.90  179.34 
 3546 -135.35  150.98 -176.83 
 3549 -159.84  163.97  171.59 
 3552 -104.33  -73.20 -172.58 
 3555 -124.06    1.39 -169.86 
 3558 -129.65  126.39  179.05 
 3561 -106.32  147.01  173.70 
 3564 -110.91  106.71 -171.61 
 3567 -106.10  120.44  174.55 
 3570  -82.63  126.88 -171.04 
 3573 -122.43 -116.62  -46.40 
 3576   85.57  -21.42 -174.79 
 3579  -54.12  -52.48  177.55 
 3582  -65.47  -28.70  175.18 
 3585  -65.88  -38.65  179.33 
 3588  -68.51  -41.39  179.44 
 3591  -65.20  -37.82 -179.71 
 3594  -71.06  -38.35  178.09 
 3597  -68.10  -36.12  176.29 
 3600  -62.53  -45.55  178.69 
 3603  -59.41  -34.39  175.40 
 3606  -59.18  -23.28  176.61 
 3609 -102.55    9.31 -178.43 
 3612   74.74   35.37 -178.52 
 3615 -125.05  130.06  172.64 
 3618 -103.39  128.53  170.32 
 3621 -108.61  170.80 -179.72 
 3624  -95.88  118.94  175.01 
 3627  -73.76  116.76 -177.63 
 3630  -90.28 -102.46  166.09 
 3633 -109.61  163.89  176.59 
 3636  -53.37  136.27 -175.99 
 3639   84.85   -0.11  179.20 
 3642 -137.34  138.68  174.03 
 3645 -130.24  148.65  178.21 
 3648 -107.83  147.28  174.27 
 3651 -134.49  124.14  175.08 
 3654 -114.96  122.16  177.15 
 3657  -89.48  166.34 -173.68 
 3660 -153.61 -177.00 -174.34 
 3663  -61.78  -24.13 -177.62 
 3666  -80.63  -10.07 -170.40 
 3669  -75.03  131.24  177.74 
 3672 -115.26  173.18  177.46 
 3675  -63.31  -30.84  174.13 
 3678  -62.54  -40.97  177.26 
 3681  -63.54  -40.42 -179.67 
 3684  -61.16  -39.97  178.60 
 3687  -65.30  -38.83  178.08 
 3690  -61.69  -43.62  177.34 
 3693  -59.90  -49.23  177.85 
 3696  -56.78  -46.66 -177.93 
 3699  -65.90  -36.48  175.97 
 3702  -60.89  -47.07 -179.47 
 3705  -72.14  -30.29  179.20 
 3708  -77.69  -25.14 -178.84 
 3711   79.77   11.58  179.42 
 3714 -161.75  162.12 -173.54 
 3717  -88.50  -20.86  173.68 
 3720  -88.60  124.25 -175.55 
 3723 -103.98  150.94  178.40 
 3726  -79.87    9.23  174.28 
 3729 -141.97  157.91  165.98 
 3732  -96.52  134.39  177.37 
 3735  -41.80  -48.35 -173.96 
 3738  -68.44  -31.22  178.86 
 3741  -62.91  -27.20 -177.91 
 3744  -71.83  -16.83 -172.96 
 3747  -59.64  -33.99 -179.67 
 3750  -61.25  -26.69  179.71 
 3753  -84.98  -12.29 -177.63 
 3756  -69.11  129.92  170.98 
 3759 -153.97  163.05  176.92 
 3762  -49.34  125.14 -173.79 
 3765 -111.73   32.64  167.46 
 3768 -132.22  155.84 -167.49 
 3771  -71.25  160.90  179.96 
 3774  -59.80  -39.60 -177.16 
 3777  -74.67   -0.59  172.21 
 3780 -119.14   10.00  177.38 
 3783  -83.25  111.71 -172.82 
 3786  -66.63  138.41  176.77 
 3789 -115.32  -28.10 -179.11 
 3792  -66.26  150.10 -175.62 
 3795  -92.00  165.61 -178.31 
 3798 -153.41  156.73  178.67 
 3801   56.76   41.83 -179.61 
 3804  -84.37  -17.17  178.94 
 3807  -60.08  149.55 -174.52 
 3810  -52.00  -39.20 -175.90 
 3813  -57.80  -28.41  179.77 
 3816  -90.71    1.13 -179.68 
 3819 -115.38  -16.14 -166.85 
 3822 -107.36   -3.33 -178.78 
 3825 -119.81   53.01 -176.50 
 3828  -95.51  -13.40  172.95 
 3831  -85.44  153.64 -178.35 
 3834  -63.73  -38.57  179.83 
 3837  -60.74   23.66   79.75 
 3840   18.11  -40.64  179.22 
 3843  -56.02  -44.54 -178.79 
 3846  -72.13  -37.42  174.52 
 3849  -59.22  -48.59  177.99 
 3852  -58.63  -44.18 -178.33 
 3855  -63.41  -42.78  178.23 
 3858  -61.28  -45.18  177.24 
 3861  -63.38  -47.42  178.85 
 3864  -57.79   32.79   76.35 
 3867   32.90  -18.38 -167.52 
 3870 -106.80  135.54  176.68 
 3873  -88.81  117.94  179.58 
 3876 -124.18 -175.13 -172.95 
 3879  -69.32  -10.44  175.98 
 3882  -82.88   -0.70  174.36 
 3885 -105.67  -55.97 -178.65 
 3888 -160.54  170.17  179.51 
 3891  -61.65  137.86  174.60 
 3894 -116.36   87.67 -166.66 
 3897  -81.29   53.64 -175.78 
 3900  -69.31  109.96  175.08 
 3903  -55.02  138.22  179.54 
 3906   70.03    4.67 -179.77 
 3909 -112.96  -16.09  179.49 
 3912   47.72   68.92 -178.74 
 3915  -81.40   66.63 -176.52 
 3918  -93.60 -173.42 -175.14 
 3921  -67.82  128.45  166.41 
 3924 -100.15   89.65 -168.61 
 3927  -70.50  146.42 -179.11 
 3930  -56.13  -45.00 -179.26 
 3933  -62.48  -31.21  175.42 
 3936  -69.16  -38.67 -174.46 
 3939  -78.31  -32.31 -173.85 
 3942  -50.10  -49.11 -175.81 
 3945  -66.17  -18.37  179.35 
 3948  -53.99  -38.21 -178.52 
 3951  -97.83   14.34  167.02 
 3954  -72.17  133.30 -179.64 
 3957  -60.82  -27.91  177.17 
 3960  -62.45  -21.17  173.07 
 3963 -106.99  -39.29 -170.61 
 3966  -82.09  -23.78 -171.11 
 3969 -108.85   21.36  179.93 
 3972  -99.71  132.15  177.58 
 3975  -74.07  137.59 -178.14 
 3978  -61.27  -23.13 -177.80 
 3981 -107.05   18.43  171.98 
 3984  -60.65  148.46  176.83 
 3987  -57.45  147.86 -176.29 
 3990  -58.04  -29.89  178.08 
 3993  -60.08  -18.29 -175.55 
 3996 -107.06    0.38 -173.22 
 3999 -124.17   30.64 -176.55 
 4002  -63.20  -30.98  178.25 
 4005  -65.76  -49.46  173.98 
 4008  -57.18  -40.52  179.93 
 4011  -61.43  -38.35  176.88 
 4014  -66.55  -49.46  176.93 
 4017  -51.99  -48.27  178.42 
 4020  -61.33  -51.25 -179.60 
 4023  -54.55  -45.18 -178.45 
 4026  -69.79  -47.95  178.79 
 4029  -58.36  -45.20  176.32 
 4032  -58.67  -43.15 -179.70 
 4035  -67.14  -43.72 -179.45 
 4038  -65.09  -48.44  178.39 
 4041  -64.97  -32.59  177.39 
 4044  -65.26  -36.97 -179.38 
 4047  -75.17  -40.83  176.90 
 4050  -61.75  -38.46 -176.25 
 4053  -90.71  -27.76 -176.91 
 4056   89.33    5.74  178.63 
 4059  -84.29  155.89 -173.70 
 4062  -85.05  -20.38 -177.17 
 4065 -150.18  151.71 -177.42 
 4068 -132.16  135.41  166.98 
 4071 -107.52  123.39  179.88 
 4074  -89.69    9.36 -172.70 
 4077  -76.30  -46.62 -171.74 
 4080  -56.80  125.74 -169.91 
 4083 -101.79   32.49  174.99 
 4086 -167.14  161.00  171.51 
 4089  -57.64  -46.90 -179.08 
 4092  -62.61  -33.28  177.32 
 4095  -69.89  -35.69  175.12 
 4098  -58.39  -46.72 -179.60 
 4101  -59.47  -47.49 -176.24 
 4104  -63.55  -46.85  176.22 
 4107  -60.26  -43.51  179.74 
 4110  -61.06  -40.13  177.65 
 4113  -72.70  -35.70  177.20 
 4116  -60.84  -41.47  178.80 
 4119  -64.46  -41.65  177.40 
 4122  -63.61  -42.69  178.70 
 4125  -60.74  -47.07  179.81 
 4128  -60.57  -36.74  176.53 
 4131  -58.56  -48.93 -178.95 
 4134  -65.66  -36.96  175.78 
 4137  -60.90  -40.89 -178.84 
 4140  -65.97   -8.42  177.33 
 4143 -115.54   15.93  177.99 
 4146   67.82   30.76 -174.75 
 4149 -120.00   57.48 -177.46 
 4152  -60.21  -10.37  179.64 
 4155  -90.51   -4.61  174.15 
 4158  -80.12   96.42 -177.48 
 4161 -134.69    4.11  176.93 
 4164  -79.82  126.28  176.29 
 4167 -115.38  113.29  177.30 
 4170  -77.24  130.87  179.27 
 4173 -140.08  123.17  176.05 
 4176  -56.13  136.61 -174.99 
 4179  -61.64  -15.72  178.16 
 4182  -86.44   -0.57 -175.91 
 4185  -62.46  147.82  169.47 
 4188  -60.56  140.81 -170.71 
 4191  -63.41  -16.41  175.67 
 4194  -66.74  -28.03  178.41 
 4197  -58.67  -59.52  177.72 
 4200  -66.05  -30.44  173.94 
 4203  -56.13  -50.65 -179.37 
 4206  -59.53  -39.59  179.69 
 4209  -63.87  -47.49  175.95 
 4212  -58.53  -43.15  176.61 
 4215  -60.98  -23.47  179.44 
 4218  -93.61   16.47  179.09 
 4221   69.14   13.07  177.89 
 4224  -86.60  154.97  174.56 
 4227 -105.49  119.67 -174.91 
 4230  -77.11  130.83  171.50 
 4233 -118.13  115.03 -175.94 
 4236  -68.36  137.67  173.98 
 4239 -112.00  135.79 -170.45 
 4242  -80.77  153.24  173.45 
 4245  -89.10  161.04  175.45 
 4248  -64.24 -177.69  165.68 
 4251  -93.25   -8.09  173.92 
 4254 -106.96   15.52  174.41 
 4257   71.32   16.54  173.05 
 4260 -101.44  172.42  178.37 
 4263  -72.95  133.81 -177.65 
 4266  -87.27  103.07 -178.24 
 4269  -58.14  -35.40 -175.95 
 4272  -73.78  -36.26  173.66 
 4275  -68.47  -35.42  177.47 
 4278  -60.91  -53.75  176.97 
 4281  -58.74  -50.80  178.55 
 4284  -53.95  -41.36  178.55 
 4287  -82.50  -27.75  174.44 
 4290  -71.85  -16.88  175.60 
 4293  -92.49  -56.21  178.91 
 4296  -44.42  -44.82 -178.26 
 4299 -106.68   11.60 -174.31 
 4302  -44.52  -34.10 -179.32 
 4305 -101.15    5.92  177.42 
 4308 -118.02    7.91 -167.83 
 4311  -81.45  118.72  179.06 
 4314  -98.17  -47.29 -168.31 
 4317 -153.39  156.93  160.07 
 4320 -122.82  127.83  173.97 
 4323  -98.36  123.94 -176.67 
 4326 -134.75  151.95  174.06 
 4329 -112.95  135.81  178.28 
 4332 -133.33  127.56   -7.13 
 4335  -62.14  167.35 -172.38 
 4338  -54.01  165.99  176.30 
 4341  -62.91  -22.45  175.74 
 4344  -80.27    3.05 -179.77 
 4347   77.77   21.02 -176.67 
 4350 -101.40  127.54  167.19 
 4353  -72.56   75.03  178.86 
 4356  -62.94  111.78 -178.12 
 4359  -74.95    0.67  176.59 
 4362  -91.39    7.08 -171.12 
 4365  -60.03  -42.34 -178.69 
 4368  -65.99  -34.30 -178.24 
 4371  -73.23  -38.24  175.52 
 4374  -59.09  -45.60  175.24 
 4377  -60.77  -51.62  178.90 
 4380  -53.45  -32.32  178.32 
 4383  -69.38  -54.34 -177.02 
 4386  -56.32  -41.45  178.95 
 4389  -62.73  -39.57 -179.76 
 4392  -55.72  -31.00 -178.88 
 4395 -103.97   15.34  171.39 
 4398   94.35   -9.37 -176.43 
 4401  -80.76  166.31  174.59 
 4404 -107.36  159.03 -179.40 
 4407 -110.41  126.47  175.86 
 4410 -113.05  130.11  174.98 
 4413 -107.39  124.34  172.08 
 4416  -73.27  130.91 -172.09 
 4419  -91.17   18.50 -175.49 
 4422  -56.36  -38.64 -174.66 
 4425 -102.92   26.09 -175.80 
 4428  -68.47  -15.80  175.89 
 4431  -68.15  -13.67  175.45 
 4434  -91.80   -3.86 -171.49 
 4437 -109.38  -34.09 -167.77 
 4440  -53.49  113.24  177.42 
 4443   90.00  -11.59 -177.08 
 4446 -105.83  -30.60  173.04 
 4449 -163.06  159.81 -175.79 
 4452 -127.79  128.72 -177.91 
 4455  -53.10  -46.12 -179.97 
 4458  -60.98  -32.25 -177.35 
 4461  -70.18  -32.74 -178.09 
 4464  -90.51   -4.99  173.09 
 4467  126.76   -1.57  175.15 
 4470  -68.06  140.01  177.96 
 4473  -98.05  -18.81  179.31 
 4476 -160.54  145.85  172.08 
 4479 -142.88  167.19  161.94 
 4482 -116.44  155.81  176.42 
 4485 -113.77  146.97  172.28 
 4488 -102.12   97.00 -177.48 
 4491  -61.49  -27.86  178.63 
 4494  -81.40    3.18  174.09 
 4497 -115.90  -73.37 -176.07 
 4500  -68.51  -31.18 -168.26 
 4503 -119.09   28.18  161.96 
 4506   79.04   -3.43  170.56 
 4509  -58.85  131.28 -173.22 
 4512  -67.43  160.20 -173.17 
 4515  -80.32  -10.13  166.71 
 4518   67.60   10.06 -176.24 
 4521   81.16   -1.53 -132.80 
 4524 -116.04  142.72 -178.19 
 4527 -129.83   64.68 -179.42 
 4530  -60.14  151.32  178.09 
 4533 -113.58  145.45  173.18 
 4536 -110.12  143.17 -179.88 
 4539 -139.68  158.08  172.37 
 4542  -80.28  168.44 -170.73 
 4545  -54.16  -38.77 -175.98 
 4548  -68.63  -15.36  177.09 
 4551 -104.41    0.47 -170.74 
 4554  -63.30  -38.11 -177.94 
 4557  -59.97  -20.26 -170.61 
 4560  -98.86   -3.78 -178.80 
 4563  -57.23  151.30  174.25 
 4566  -53.04  146.50 -177.85 
 4569  -68.03  140.34 -176.14 
 4572  -95.96    5.84  177.89 
 4575 -149.11  168.63 -179.04 
 4578  -96.91   74.21   11.06 
 4581  145.76  113.51  178.46 
 4584 -105.64   11.66 -178.99 
 4587  -63.46  144.13  176.65 
 4590  -68.47  -15.73  177.74 
 4593  113.73  -73.73   13.24 
 4596 -150.91  -39.75  177.22 
 4599 -111.34  161.45  178.84 
 4602  -64.11  -39.62 -178.24 
 4605 -101.14  141.97 -175.44 
 4608  -55.03  -34.07  177.08 
 4611 -115.05   29.84  177.67 
 4614   54.32 -134.03  177.81 
 4617  -86.09   73.98 -167.55 
 4620  -57.60  -38.90 -172.94 
 4623  -62.29  -27.28 -178.61 
 4626  -86.35   -7.91  173.53 
 4629  -59.99  -24.74 -179.23 
 4632  -63.07  -27.42 -179.68 
 4635  -62.87  -49.77  179.51 
 4638  -69.30  -31.06  173.65 
 4641  -61.34  -48.70  179.46 
 4644  -59.85  -44.54  179.78 
 4647  -56.42  -50.68 -178.50 
 4650  -65.00  -41.47  179.41 
 4653  -62.88  -39.34 -177.76 
 4656  -79.25  -30.98 -177.81 
 4659  -83.28  -44.93 -174.50 
 4662   73.33  179.76  176.79 
 4665  -55.66  -47.46 -173.95 
 4668  -71.02  -37.80 -179.72 
 4671  -67.39  -47.76 -175.45 
 4674  -61.56  -38.69 -178.47 
 4677  -71.85  -42.56  178.76 
 4680  -61.79  -36.49 -179.72 
 4683  -61.73  -41.88  179.54 
 4686  -62.49  -44.57 -176.80 
 4689  -67.13  -39.86  178.11 
 4692  -69.23  -35.13  176.83 
 4695  -61.42  -33.65  179.54 
 4698  -75.40  -37.62  176.14 
 4701  -59.25  -47.86 -175.22 
 4704  -68.25  -39.33  173.84 
 4707  -61.25  -45.62  178.59 
 4710  -66.00  -34.76  177.99 
 4713  -63.04  -47.43 -179.70 
 4716  -64.30  -45.17  177.09 
 4719  -53.24  -44.97 -175.55 
 4722  -67.22  -38.84  179.79 
 4725  -66.86  -32.23 -173.63 
 4728 -101.03   -7.72 -171.74 
 4731  -58.62  -30.00  177.90 
 4734  -81.44   -9.37  179.93 
 4737 -107.08  -41.65  179.15 
 4740 -128.05  129.24  174.94 
 4743  -59.89  134.97  176.87 
 4746  -93.00  128.60 -177.53 
 4749  -95.38  149.34  166.23 
 4752   62.68   63.51  177.80 
 4755  -94.57 -177.86 -176.74 
 4758  -73.84 -146.81    8.20 
 4761   71.77   75.43 -170.10 
 4764   60.93    8.22 -170.99 
 4767   51.79   50.25  171.60 
 4770  -99.84  163.58  168.52 
 4773 -105.16 -179.86  172.45 
 4776  -95.41 -117.39 -177.11 
 4779  -92.95   -1.86  179.20 
 4782 -142.71  155.37 -177.53 
 4785 -128.83  134.08 -176.74 
 4788 -103.26  112.15  179.47 
 4791  -87.85  129.33  179.06 
 4794  -89.53  109.97 -178.01 
 4797  -99.56   -2.20  179.91 
 4800  -57.56  -37.25  171.65 
 4803  -54.47  -36.60 -179.00 
 4806  -64.57  -32.25  176.33 
 4809  -73.64  -40.54  178.04 
 4812  -66.08  -35.85 -174.26 
 4815  -92.03  -37.94 -169.80 
 4818 -125.33    0.52 -173.33 
 4821   56.46   29.66  174.08 
 4824  -85.78  129.50  178.69 
 4827  -96.61  156.19 -179.47 
 4830  -55.45  -33.57 -179.88 
 4833  -67.10  -32.18  176.02 
 4836  -61.32  -48.22  178.68 
 4839  -61.68  -41.52  177.66 
 4842  -58.31  -44.56  179.40 
 4845  -73.93  -35.37 -179.40 
 4848  -63.40  -36.85  173.65 
 4851  -52.72  -34.40  178.04 
 4854  -60.15  -36.25  179.04 
 4857  -67.85  -20.05  175.34 
 4860  -92.47   -1.79  179.44 
 4863   87.28   22.63 -179.35 
 4866 -121.26  140.17  165.33 
 4869  -74.79  138.47 -177.16 
 4872  -64.96  156.21  170.52 
 4875  -77.38 -170.21 -178.87 
 4878  -66.91  131.61 -171.43 
 4881 -106.60  124.76  171.36 
 4884   63.72   18.66  171.83 
 4887 -137.30  136.91    0.30 
 4890  -77.08   -9.97 -177.93 
 4893 -111.65  121.56 -179.92 
 4896  -58.89  130.90  175.17 
 4899   87.63   14.60 -179.17 
 4902 -128.68  173.34  174.43 
 4905 -124.61  138.02  177.75 
 4908 -112.09  117.97 -170.58 
 4911 -109.29  124.04  175.80 
 4914 -126.42  102.08 -177.08 
 4917  -73.11  -26.21 -166.93 
 4920   62.73  173.05 -175.74 
 4923  -83.82   -6.31 -171.83 
 4926  -90.71   -5.05 -173.65 
 4929 -101.85  135.92 -175.72 
 4932  -70.07  157.80  174.78 
 4935  -54.01  -41.95  179.35 
 4938  -57.06  -44.37 -179.95 
 4941  -69.66  -39.85  176.83 
 4944  -60.85  -42.35 -176.99 
 4947  -65.63  -39.70  177.86 
 4950  -62.26  -43.58  176.53 
 4953  -60.95  -46.38  178.36 
 4956  -60.74  -41.73  178.04 
 4959  -63.69  -38.87  175.34 
 4962  -59.40  -50.91  176.82 
 4965  -58.84  -35.66  179.77 
 4968  -71.65  -37.32  177.29 
 4971  -64.21  -40.09 -179.65 
 4974  -67.09  -38.95  172.77 
 4977  -53.89  -42.67 -177.96 
 4980  -71.91  -37.03  173.01 
 4983  -58.32  -44.27  176.37 
 4986  -62.54  -40.36  176.30 
 4989  -57.42  -40.61 -178.47 
 4992  -63.20  -39.85  173.32 
 4995  -61.93  -54.20  178.72 
 4998  -52.71  -43.72 -176.44 
 5001  -83.42    1.49  179.08 
 5004   71.25   30.09  179.50 
 5007  -92.28  -10.17  175.94 
 5010 -147.52  149.39  172.80 
 5013  -46.31  122.28 -176.22 
 5016  -70.55  -19.82 -179.56 
 5019  -98.67  -31.61 -177.40 
 5022 -113.27   89.29 -179.13 
 5025 -151.70  167.98 -176.62 
 5028  -56.81  -35.98 -179.40 
 5031  -64.39  -40.20 -179.88 
 5034  -75.32  -24.66 -171.62 
 5037 -103.58   -5.71  179.15 
 5040  -67.30  152.19   -2.75 
 5043  -82.02  154.17 -179.87 
 5046 -100.95  116.93  177.22 
 5049  -79.58  157.80  175.36 
 5052  -56.35  -44.94 -177.36 
 5055  -60.98  -40.73 -179.98 
 5058  -63.90  -29.00  179.81 
 5061  -85.16  -23.85 -171.17 
 5064 -102.18  -35.23 -173.89 
 5067 -100.82  144.91  172.65 
 5070   79.86 -173.76 -178.40 
 5073  -82.44  140.63  179.38 
 5076 -103.94  100.67  176.10 
 5079 -112.42   69.03  173.83 
 5082 -130.68  146.16 -179.03 
 5085  -76.55    9.00  174.15 
 5088 -127.81  161.35 -173.83 
 5091  -86.69  156.99  175.14 
 5094  -58.91  -34.39  178.48 
 5097  -64.96  -42.39  179.18 
 5100  -63.66  -30.73 -179.27 
 5103  -74.70  -48.14 -170.03 
 5106  -92.51  -28.78 -174.45 
 5109 -126.77   64.01 -174.99 
 5112  -80.94   -7.64  179.54 
 5115 -138.11  150.35 -177.50 
 5118  -54.21  -42.63 -175.36 
 5121  -64.15  -24.29  178.90 
 5124  -70.13  -16.28  176.72 
 5127  -89.03   -3.33  174.07 
 5130 -102.62  -38.95  176.70 
 5133 -146.50  124.53 -175.52 
 5136 -118.50  119.47  171.72 
 5139  -90.07  122.09 -178.30 
 5142  -91.92  120.89  172.94 
 5145  -61.81  133.19 -172.11 
 5148  -76.33  -30.70 -177.88 
 5151 -136.02  162.25  176.22 
 5154  -76.89 -179.26 -176.07 
 5157  -57.06  131.04 -176.91 
 5160  -86.04  139.59  179.63 
 5163  -56.07  120.78  173.33 
 5166   57.76  141.85 -101.09 
 5169 -126.91  -74.48  176.53 
 5172  -63.00  139.76 -173.80 
 5175  -75.46  149.70  169.64 
 5178  -57.15  145.44 -175.92 
 5181  -77.87  -16.97  177.71 
 5184 -108.05  -56.88  177.66 
 5187  -87.91   76.59 -165.13 
 5190  -61.25  -18.84 -176.26 
 5193  -90.61    2.45 -178.64 
 5196 -122.59  164.03  178.27 
 5199  -66.61  148.81  177.12 
 5202  -65.59  150.34 -175.60 
 5205  -98.44   81.33   -3.61 
 5208  -58.34 -178.29  -67.53 
 5211  -26.57  175.34  -69.99 
 5214  -41.07  175.84  -58.36 
 5217  -47.43 -179.83  -63.62 
 5220  -36.96  176.80  -69.71 
 5223  -40.75 -176.18  -62.26 
 5226  -36.62 -179.38  -65.08 
 5229  -19.23  179.30  -77.20 
 5232  -25.37 -171.29  -72.22 
 5235  154.87  169.37  -46.14 
 5238  140.78 -176.48  -58.51 
 5241  140.88  174.58  -97.50 
 5244  161.98  173.84  -45.00 
 5247  121.42 -176.49 -109.32 
 5250  125.60 -177.47  -58.57 
 5253  -35.03  178.17  -54.72 
 5256  -41.22  178.01  -64.02 
 5259  -34.71  179.01  -75.35 
 5262  -33.53 -178.41  -73.35 
 5265  -43.08 -179.39  -75.85 
 5268  131.04  175.16  -71.07 
 5271  -56.80  178.14  -73.13 
 5274  123.57  171.72  -80.53 
 5277 -175.99 -177.06  -59.77 
 5280  -41.79  179.90  -62.04 
 5283   19.83   77.72   28.90 
 5286  -44.29  179.39  -66.75 
 5289  -33.72  176.06  -64.78 
 5292  -41.77  179.38  -68.29 
 5295  -43.38  177.34  -59.95 
 5298  -39.15  174.99  -58.89 
 5301  -43.62 -179.89  -68.80 
 5304  -28.56  179.60  -78.73 
 5307  -24.64  179.29  101.55 
 5310   23.64 -177.45 -125.79 
 5313  140.01 -179.25  -80.44 
 5316  -35.27 -179.72 -132.72 
 5319  157.88  176.83  -60.81 
 5322  -39.20  178.84  -60.35 
 5325  -37.12  176.36  -64.66 
 5328  -37.66  179.26  -67.41 
 5331  -51.50 -179.46  -58.48 
 5334  -40.65  175.19  -56.59 
 5337  -30.56 -179.63  -93.16 
 5340  -20.14 -178.73  -82.58 
 5343  -39.77 -179.88  -99.45 
 5346  127.14  178.51  -58.31 
 5349  127.63 -172.66  -60.03 
 5352  -24.68 -178.09  -69.97 
 5355  -21.86 -178.47 -113.85 
 5358    0.56 -179.22  -66.75 
 5361  121.18  175.95  -60.14 
 5364  120.26 -167.24  -87.33 
 5367   26.43   19.26  -88.69 
 5370  145.77  170.53  -60.30 
 5373  143.02  178.86  -93.87 
 5376   88.01 -175.84 -141.31 
 5379  156.23 -178.79  -58.29 
 5382  142.11  176.73  -54.67 
 5385  143.46 -176.02  -56.15 
 5388  148.84  173.84 -116.41 
 5391  158.34  175.13  -66.82 
 5394  165.98  171.69  -56.39 
 5397  -45.32 -176.46  -64.01 
 5400  -43.28 -177.45  -71.66 
 5403  -39.20  176.44  -64.53 
 5406  -44.44  174.22  -56.55 
 5409  -46.17  179.49  -61.93 
 5412  -41.14  177.65  -63.50 
 5415  -46.22 -178.61  -66.94 
 5418  -33.95  176.17  -59.62 
 5421  -39.40  178.89  -71.27 
 5424  -31.62  172.36  -66.82 
 5427  -48.35 -179.52  -59.15 
 5430  -34.32 -177.26  -66.52 
 5433  -13.01  177.28  -79.85 
 5436  -21.16  170.20  -71.48 
 5439  152.67  174.82 -119.04 
 5442  126.18  178.58  -87.67 
 5445   99.28  176.21  -91.12 
 5448  169.01  164.16  -85.90 
 5451   99.07 -176.35  -93.90 
 5454  116.71  175.27 -108.87 
 5457   38.03 -174.27  -76.01 
 5460  -36.74  179.32   77.84 
 5463 -128.33  177.10   58.89 
 5466   35.88  175.07   92.26 
 5469    4.54  178.78 -138.15 
 5472  126.40 -173.09 -140.21 
 5475  130.05 -179.72  -59.34 
 5478  147.18 -172.81 -147.35 
 5481  162.95  179.27 -101.98 
 5484  111.03  175.08  -79.43 
 5487  117.95 -179.47  -58.94 
 5490  128.50 -175.89  -50.82 
 5493  -37.85 -179.43  -61.94 
 5496  -35.12  176.70  -73.56 
 5499  -41.68  179.25  -59.15 
 5502  -49.42 -175.91  -70.78 
 5505  -41.86 -168.29  -98.62 
 5508   -4.11  171.02 -119.62 
 5511  -65.74 -172.16  -65.27 
 5514  -32.25  178.82 -108.47 
 5517   30.41  179.86 -123.02 
 5520  111.56 -177.92  -62.31 
 5523  -20.28  175.02  -62.30 
 5526  -25.62  179.16  -98.78 
 5529  -31.26 -173.71 -102.44 
 5532   -1.00 -173.63  -97.12 
 5535  -22.83  177.68  -71.13 
 5538  172.50  176.26 -115.68 
 5541 -155.91 -175.86  -54.84 
 5544  143.95 -179.66  -74.30 
 5547   61.58  175.38  -57.54 
 5550  -42.96 -176.60 -103.65 
 5553   87.89 -164.97  -65.78 
 5556  -31.23 -177.43  -59.61 
 5559  -26.10  178.56 -111.66 
 5562   25.77  177.72 -139.06 
 5565   23.19 -175.83  -61.97 
 5568  -25.53 -178.59  -66.18 
 5571  -60.64  179.82  -68.88 
 5574  -28.54  172.10  -59.45 
 5577  -40.81  178.79  -68.36 
 5580  -39.41  176.35  -62.64 
 5583  -38.64  177.23  -66.94 
 5586  -40.69  174.19  -57.94 
 5589  -43.18  175.27  -57.94 
 5592  -43.61  175.41  -56.70 
 5595  -48.02  179.43  -61.02 
 5598  -42.44  179.70  -63.82 
 5601  -42.18  178.95  -59.72 
 5604  -48.02 -179.92  -63.49 
 5607   25.71   78.20   20.76 
 5610  -45.94 -176.77  -68.90 
 5613  -40.58 -175.69  -83.65 
 5616  -18.42 -174.99   70.60 
 5619   16.93  175.97 -110.64 
 5622  149.49 -165.38  -80.73 
 5625  -34.69 -174.36 -112.83 
 5628  119.79  177.53 -125.96 
 5631  138.53  178.67  -87.15 
 5634 -176.17 -170.87  -85.07 
 5637    3.81  172.19  118.15 
 5640  157.90  178.54 -123.71 
 5643 -177.10 -165.17  -69.95 
 5646  -49.98  178.91 -161.11 
 5649  173.96 -174.19  -61.71 
 5652  -44.53 -177.32  -62.19 
 5655  -49.15  178.28  -66.92 
 5658  -35.31  174.12  -60.90 
 5661  -40.35  177.74  -66.38 
 5664  -34.93  176.65  -68.70 
 5667  -36.17  172.36  -63.71 
 5670  -35.76  177.53  -66.69 
 5673  -38.86  177.82  -61.77 
 5676  -42.62 -177.81  -68.79 
 5679  -40.92  173.84  -58.09 
 5682  -49.56  179.44  -56.82 
 5685  -41.18 -179.33  -64.22 
 5688  -38.11 -177.74  -75.17 
 5691  -26.82 -175.53 -115.23 
 5694  -18.09  178.83  -62.81 
 5697  136.81  179.12  -83.03 
 5700   -5.23  176.88  -61.53 
 5703  147.49  173.15  -95.77 
 5706    7.75 -179.92  -72.55 
 5709  156.58  179.27 -119.74 
 5712   12.58 -177.10 -109.05 
 5715  139.42  178.46 -118.50 
 5718  122.30 -179.35  -84.80 
 5721  129.90  174.93 -121.75 
 5724  123.77  179.64  -62.24 
 5727  139.63 -177.49  -71.70 
 5730  -12.59  177.22 -102.57 
 5733   22.39  162.90  -73.69 
 5736  163.23  176.08  -58.65 
 5739  141.16 -173.13  -60.42 
 5742  -38.78 -178.95  -69.07 
 5745  -28.52  176.13  -65.09 
 5748  -46.42  176.13  -57.04 
 5751  -41.79 -179.57  -64.65 
 5754  -43.63  179.60  -63.70 
 5757  -39.72  179.25  -62.60 
 5760  -46.04 -179.50  -62.83 
 5763  -41.38  179.68  -62.49 
 5766  -40.66  178.45  -73.88 
 5769  -32.50 -179.47  -72.06 
 5772  -32.83 -174.02  -53.96 
 5775  -55.06 -174.91  -69.94 
 5778  -15.63 -178.80  -89.93 
 5781   -4.15 -177.75   68.43 
 5784   15.35  176.90  -75.74 
 5787  129.16  173.29  -80.07 
 5790  121.79  175.90  -98.38 
 5793  122.90  176.73 -106.92 
 5796  111.36  176.86  -95.94 
 5799  119.10 -176.09 -155.84 
 5802 -173.75  177.45  -88.06 
 5805  121.28  177.31  -68.52 
 5808  -18.58  178.12  -66.01 
 5811  -38.86 -169.95 -116.22 
 5814   -2.75  177.51  -56.78 
 5817  126.31 -166.96  -89.26 
 5820  -17.50 -176.31   67.33 
 5823    0.76  172.34  -69.66 
 5826  -24.53  170.42  -87.39 
 5829  117.76 -174.73  -71.72 
 5832  132.67  176.94 -127.93 
 5835  156.68  175.70 -102.22 
 5838  -11.84 -178.16 -163.68 
 5841  159.24  173.57 -140.33 
 5844  146.88  178.16 -119.39 
 5847  124.93 -179.94 -124.20 
 5850  150.65 -176.91 -106.24 
 5853  131.75 -171.68 -138.53 
 5856  106.46   -6.01  -69.21 
 5859  167.35 -176.82  -67.05 
 5862  165.94 -175.80  -59.83 
 5865  -28.64  179.49  -95.17 
 5868    7.57  173.26   97.05 
 5871  -11.14 -177.33  -64.24 
 5874  131.59  174.32  -99.15 
 5877  122.78 -178.33 -117.97 
 5880  156.78  173.30  -94.13 
 5883  108.25 -174.29  -91.64 
 5886    5.44 -172.38  -57.04 
 5889  -50.53 -179.22  -61.21 
 5892  -38.03  177.53  -65.61 
 5895  -46.54 -179.00  -59.29 
 5898  -42.90  177.45  -59.72 
 5901  -41.75  178.68  -67.33 
 5904  -40.00  177.27  -59.14 
 5907  -43.28  178.31  -64.82 
 5910  -36.41  172.76  -55.48 
 5913  -28.43 -179.26 -102.73 
 5916   15.00 -179.14   57.42 
 5919   27.72  176.33  -93.05 
 5922  144.07  173.77  -88.30 
 5925  139.05  175.72 -108.10 
 5928  129.37  173.76 -105.67 
 5931  131.15  168.32 -104.00 
 5934  127.02  167.50  -86.86 
 5937  105.54 -168.71 -120.89 
 5940  129.27  177.89  -67.25 
 5943  117.25 -171.37  -67.92 
 5946  -28.30  173.28  -65.86 
 5949  -40.65  179.24  -64.16 
 5952  -26.67 -178.15  -71.35 
 5955  -10.10  170.66  -69.55 
 5958  -20.55 -177.36 -116.78 
 5961  -33.61 -174.48  -95.98 
 5964  142.65  171.72  -49.70 
 5967  125.91 -171.79  -82.54 
 5970  159.66 -179.66  -46.33 
 5973  -45.37 -179.78  -57.05 
 5976  -35.62 -177.70  -85.97 
 5979  -14.83  177.25  -87.94 
 5982  -11.16 -179.62  102.50 
 5985    4.85 -177.36  -69.03 
 5988  151.66 -177.51  -93.08 
 5991  -30.10 -177.78 -141.15 
 5994  143.18  168.65 -125.27 
 5997  138.49  174.37 -133.24 
 6000  166.98  176.10  169.01 
 6003  179.72  176.81 -100.95 
 6006  145.73  172.31 -103.32 
 6009   19.00  178.84  -53.22 
 6012  -39.64  178.99  -63.02 
 6015  -14.16  179.97  -87.67 
 6018   57.14  172.08   76.00 
 6021   23.94  179.26 -104.44 
 6024  132.60  179.91  -54.16 
 6027  141.45  172.83  -45.40 
 6030  -46.27  171.14   66.02 
 6033   17.38 -174.31   50.27 
 6036   32.39  173.93  133.99 
 6039  -25.56 -178.51  166.00 
 6042 -177.21    6.10  -83.90 
 6045  145.51  173.09 -137.81 
 6048  150.18  177.20  -87.80 
 6051  124.01  172.66  -88.20 
 6054  147.56  176.27 -102.36 
 6057  157.09  177.61 -146.02 
 6060  117.71 -177.99 -130.66 
 6063  145.84 -179.13 -158.15 
 6066 -173.39 -175.35  -93.61 
 6069  156.87  179.46  -59.05 
 6072  -35.66  178.00  -62.65 
 6075  -14.70  177.90 -113.25 
 6078   -0.02 -167.18  -53.97 
 6081  -39.99 -169.29  -64.42 
 6084  -24.16  179.62 -106.01 
 6087   13.48 -178.92  -75.02 
 6090  140.00 -170.39  -80.69 
 6093  163.24  170.53   77.38 
 6096 -160.15 -169.98 -111.24 
 6099  150.66  179.62 -112.00 
 6102  -67.03  -74.83  131.24 
 6105  177.30 -118.37  157.21 
 6108  177.14  -93.29  124.64 
 6111  177.09 -128.19 -159.10 
 6114  177.46 -135.36  151.59 
 6117  179.77  -96.69 -172.88 
 6120 -175.76  -64.52  -17.39 
 6123 -178.77 -100.01    5.35 
 6126  179.71   82.22   11.14 
 6129 -178.90  -91.00  152.68 
 6132 -178.60  -62.08  137.54 
 6135  176.92 -150.25  145.70 
 6138 -179.23  -97.61  149.41 
 6141  171.31 -148.45  158.49 
 6144 -171.40 -100.12   87.44 
 6147 -178.30  -58.85 -142.79 
 6150   94.94   19.74   29.43 
 6153  178.18  -65.01  166.40 
 6156  175.63 -132.31  142.66 
 6159 -175.39 -103.22   14.36 
 6162 -173.35  -93.17  122.79 
 6165 -177.53 -115.51   -8.14 
 6168 -176.13 -110.72  173.79 
 6171  170.57 -133.28  156.05 
 6174  176.48  -74.72   65.37 
 6177 -164.71  -55.24  -54.22 
 6180 -176.80  -55.09  -40.90 
 6183 -175.05  -80.02  -26.79 
 6186  174.90  -70.59  -39.15 
 6189  174.36  -59.28  -47.86 
 6192 -179.96  -62.19  -42.37 
 6195 -178.67  -65.24  -40.68 
 6198  179.65  -69.74  -34.30 
 6201  178.99  -70.12  -30.33 
 6204  170.64  -59.04  -44.61 
 6207  178.61  -65.73  -42.79 
 6210  178.69  -63.46  -40.29 
 6213 -177.92  -72.06  -40.76 
 6216 -175.90  -86.70  -34.50 
 6219 -177.46   73.30  173.19 
 6222 -179.69  -58.08  -44.38 
 6225 -179.21  -65.83  -44.40 
 6228  178.27  -61.81  -43.98 
 6231  177.69  -63.12  -48.16 
 6234 -179.01  -59.81  -41.27 
 6237  177.29  -63.34  -37.83 
 6240  174.50  -61.64  -47.22 
 6243  179.98  -64.80  -45.91 
 6246 -177.57  -59.86  -41.88 
 6249  177.80  -63.42  -44.60 
 6252  176.38  -56.67  -45.86 
 6255  178.15  -62.97  -48.00 
 6258  179.61  -57.52  -43.42 
 6261  177.16  -62.70  -38.08 
 6264  179.39  -70.11  -40.20 
 6267  174.87  -64.02  -43.16 
 6270  179.13  -59.66  -46.04 
 6273  176.10  -55.75  -46.55 
 6276 -179.71  -59.39  -46.52 
 6279 -179.63  -61.83  -40.99 
 6282 -179.23  -67.30  -42.77 
 6285  178.10  -62.24  -37.43 
 6288  177.81  -63.09  -40.64 
 6291  178.18  -63.43  -23.24 
 6294 -178.87  -95.66   14.82 
 6297  173.58   71.02   23.15 
 6300  173.97  -91.10  152.89 
 6303  177.97  -94.35  133.41 
 6306  179.05 -110.05  126.15 
 6309 -163.32 -102.82  -18.05 
 6312  174.91  -84.62  120.43 
 6315  174.30  -62.41  -41.57 
 6318  177.85 -133.36  150.77 
 6321 -177.06 -159.95  167.50 
 6324  175.02 -110.27  -74.59 
 6327 -174.30 -121.13    0.67 
 6330 -170.26 -129.40  129.08 
 6333  179.05 -107.24  142.92 
 6336  170.12 -106.31  111.98 
 6339 -172.44 -112.49  124.50 
 6342  175.44  -92.88  140.95 
 6345  174.20  -74.60 -142.56 
 6348   35.60  -50.04   97.91 
 6351  172.67  -55.43  -43.79 
 6354  174.66  -54.31  -38.96 
 6357  179.18  -73.93  -33.50 
 6360  172.78  -60.62  -53.98 
 6363 -179.47  -58.01  -42.32 
 6366  179.51  -66.95  -40.89 
 6369  175.79  -60.40  -41.67 
 6372  177.28  -62.18  -41.93 
 6375 -178.96  -62.40  -32.67 
 6378  177.11  -60.00  -22.65 
 6381  177.99 -106.43   14.91 
 6384 -179.50   71.25   37.12 
 6387  179.11 -127.09  134.38 
 6390  172.28 -106.18  125.95 
 6393  169.54 -104.02  172.19 
 6396  179.31  -96.37  121.03 
 6399  173.46  -75.34  117.30 
 6402  179.40  -92.90 -106.04 
 6405  174.24 -107.63  169.57 
 6408  178.46  -52.40  132.28 
 6411  178.28   81.79    5.96 
 6414  179.98 -137.27  136.47 
 6417  175.04 -127.44  152.13 
 6420  178.22 -109.97  144.79 
 6423  175.94 -132.45  118.78 
 6426  176.95 -111.82  117.29 
 6429  179.14  -87.24  166.29 
 6432 -173.30 -153.95 -176.30 
 6435 -175.92  -60.57  -27.54 
 6438 -177.57  -80.65  -14.37 
 6441 -173.04  -68.23  130.04 
 6444  178.19 -114.65  172.34 
 6447  177.36  -66.03  -26.89 
 6450  174.55  -65.37  -40.75 
 6453  174.92  -62.00  -40.66 
 6456  178.25  -60.53  -44.35 
 6459  178.43  -59.31  -43.30 
 6462  177.31  -57.20  -48.20 
 6465 -179.46  -60.38  -43.14 
 6468  178.05  -59.95  -46.54 
 6471 -177.44  -64.17  -37.76 
 6474  173.45  -56.85  -58.04 
 6477 -179.29  -64.28  -33.20 
 6480  179.07  -68.23  -52.54 
 6483 -178.37  109.80    6.83 
 6486 -178.91 -164.08  167.07 
 6489 -174.98  -88.40  -17.39 
 6492  173.41  -88.78  112.43 
 6495 -178.26  -96.97  151.92 
 6498  179.96  -81.86   21.42 
 6501  176.33 -153.47  161.65 
 6504  172.48 -107.98  129.93 
 6507 -178.03  -36.40  -51.05 
 6510 -179.66  -63.11  -29.14 
 6513 -177.96  -66.74  -22.34 
 6516 -177.03  -83.16  -16.36 
 6519 -173.45  -56.44  -33.24 
 6522 -177.35  -61.79  -32.82 
 6525 -178.76  -84.61   -8.85 
 6528 -176.42  -69.80  117.46 
 6531  171.78 -137.62  157.71 
 6534  173.84  -50.54  120.94 
 6537 -173.67 -106.33   35.50 
 6540  162.63 -132.88  153.29 
 6543 -169.62  -72.65  163.58 
 6546  178.78  -64.18  -30.48 
 6549 -178.77  -67.81  -15.16 
 6552  179.55 -122.69   11.41 
 6555  176.87  -85.42  109.69 
 6558 -175.32  -59.47  134.60 
 6561  175.13 -114.47  -24.84 
 6564 -178.53  -67.88  149.40 
 6567 -178.31  -89.95  166.31 
 6570  179.83 -152.98  160.64 
 6573  178.70   53.10   44.49 
 6576 -178.67  -89.56  -10.74 
 6579  176.58  -64.91  151.60 
 6582 -175.41  -55.89  -36.25 
 6585 -178.70  -58.08  -28.55 
 6588 -179.01  -89.03    3.99 
 6591 -174.86 -124.87   -9.80 
 6594 -171.05 -108.93   -8.54 
 6597 -176.79 -118.22   54.12 
 6600 -176.32  -94.88  -18.92 
 6603  172.54  -81.38  156.32 
 6606 -178.94  -65.83  -37.26 
 6609  179.65  -62.76  -42.24 
 6612  179.81  -64.55  -41.91 
 6615 -179.58  -67.41  -41.50 
 6618  178.23  -55.83  -45.87 
 6621  179.40  -68.05  -40.36 
 6624  177.82  -62.10  -47.09 
 6627  176.80  -58.84  -44.36 
 6630  178.66  -61.34  -40.46 
 6633 -179.02  -67.32  -42.73 
 6636  176.43  -63.80  -47.75 
 6639 -179.18  -56.65   33.71 
 6642   74.75   32.83  -17.58 
 6645 -168.05 -102.83  137.39 
 6648  174.94  -90.75  115.78 
 6651  177.83 -123.47 -175.77 
 6654 -172.67  -69.05  -10.59 
 6657  174.60  -82.16    1.28 
 6660  175.06 -107.92  -54.14 
 6663 -177.25 -163.60 -103.29 
 6666   36.43 -167.40   87.97 
 6669 -165.13  -87.55   56.27 
 6672 -177.16  -71.18  110.42 
 6675  173.90  -53.78  138.84 
 6678  179.64   73.82    3.15 
 6681 -178.98 -115.14  -17.16 
 6684  177.13   51.24   68.68 
 6687 -177.73  -81.46   66.40 
 6690 -175.86  -92.58 -176.13 
 6693 -175.69  -67.04  128.90 
 6696  169.29 -102.06   92.28 
 6699 -165.94  -72.16  145.12 
 6702  179.61  -54.62  -42.21 
 6705 -177.14  -65.93  -32.01 
 6708  175.09  -69.14  -38.67 
 6711 -176.50  -76.87  -33.78 
 6714 -174.49  -48.33  -50.32 
 6717 -176.81  -65.21  -19.37 
 6720  179.18  -51.36  -38.23 
 6723 -177.41  -99.49   13.78 
 6726  169.08  -71.26  135.38 
 6729  178.10  -54.05  -35.72 
 6732 -179.14  -65.73  -13.78 
 6735  171.23 -109.82  -44.83 
 6738 -172.88  -78.30  -21.10 
 6741 -171.06 -112.18   26.19 
 6744  178.60 -105.61  131.63 
 6747  179.44  -74.78  135.33 
 6750 -175.93  -59.41  -23.47 
 6753  179.02 -106.67   20.32 
 6756  172.19  -61.95  148.50 
 6759  178.52  -53.42  144.16 
 6762 -177.91  -53.75  -35.24 
 6765  179.26  -60.33  -13.88 
 6768 -177.22 -103.27   -3.53 
 6771 -168.70 -125.78   29.22 
 6774 -177.43  -60.71  -33.90 
 6777  177.70  -63.83  -45.81 
 6780  175.13  -61.21  -40.00 
 6783  179.73  -58.85  -41.81 
 6786  175.88  -64.75  -46.37 
 6789  177.57  -53.54  -51.16 
 6792 -178.35  -61.81  -46.26 
 6795 -178.67  -60.39  -43.11 
 6798 -177.96  -68.38  -46.91 
 6801 -179.64  -60.61  -42.70 
 6804  176.98  -61.65  -42.25 
 6807  177.82  -64.25  -43.92 
 6810 -176.69  -68.59  -44.33 
 6813  178.24  -67.06  -31.64 
 6816  175.34  -67.37  -38.30 
 6819  178.07  -70.27  -40.70 
 6822  179.02  -62.38  -40.50 
 6825 -174.91  -92.39  -22.09 
 6828 -175.83   86.45    0.56 
 6831  179.60  -79.74  160.01 
 6834 -174.04  -86.73  -21.27 
 6837 -177.63 -152.51  145.91 
 6840 -177.91 -124.76  135.18 
 6843  167.73 -107.68  122.63 
 6846  179.35  -87.62    4.58 
 6849 -172.78  -69.81  -46.89 
 6852 -170.52  -60.91  131.83 
 6855 -165.92 -109.82   32.27 
 6858  175.41 -167.45  158.50 
 6861  172.27  -57.33  -44.47 
 6864 -178.76  -65.05  -32.63 
 6867  175.97  -67.56  -33.39 
 6870  174.31  -62.97  -46.00 
 6873  177.66  -60.75  -46.68 
 6876 -177.64  -60.01  -47.28 
 6879  179.25  -60.97  -45.82 
 6882  179.85  -59.87  -41.95 
 6885  179.36  -71.89  -32.92 
 6888  175.46  -63.11  -40.04 
 6891  177.58  -64.85  -40.73 
 6894  176.29  -64.91  -44.97 
 6897  176.55  -55.80  -43.70 
 6900 -178.32  -66.40  -37.51 
 6903  175.59  -57.29  -47.84 
 6906 -177.30  -68.96  -34.44 
 6909  177.05  -63.78  -39.51 
 6912  179.71  -64.42  -19.03 
 6915  179.65 -103.19    9.53 
 6918  179.76   67.42   34.74 
 6921 -175.69 -125.91   56.55 
 6924 -178.61  -64.50  -16.49 
 6927  177.79  -70.43  -10.07 
 6930  177.00  -84.42   93.38 
 6933 -179.65 -135.66   11.26 
 6936  175.99  -79.14  124.56 
 6939  175.52 -112.33  111.08 
 6942  175.17  -76.51  127.81 
 6945  179.60 -139.29  124.35 
 6948  176.25  -55.23  141.91 
 6951 -175.07  -64.69  -15.10 
 6954  179.58  -92.30    5.81 
 6957 -175.87  -68.30  153.49 
 6960  172.87  -62.62  145.24 
 6963 -174.07  -61.94  -21.65 
 6966  178.01  -66.27  -31.70 
 6969  179.23  -56.95  -60.27 
 6972  176.85  -61.13  -32.34 
 6975  179.19  -65.82  -43.41 
 6978  174.13  -59.93  -44.15 
 6981  177.83  -59.85  -44.24 
 6984  177.89  -63.10  -40.84 
 6987  176.07  -60.52   39.58 
 6990   57.59 -136.78   17.59 
 6993 -178.73  -93.23  150.41 
 6996  173.01  -96.71  123.78 
 6999 -176.65  -82.72  132.16 
 7002  173.99 -124.01  116.65 
 7005 -175.13  -73.38  149.74 
 7008  174.11 -118.55  132.87 
 7011 -174.97  -68.25  144.51 
 7014  163.89  -83.55  149.56 
 7017  178.23  -80.42  178.99 
 7020  180.00  -60.23  -19.77 
 7023  176.26 -102.20    8.16 
 7026  175.38   79.05   19.85 
 7029  170.71 -101.22  161.00 
 7032  171.91  -51.69  129.65 
 7035  175.62  -74.61  102.90 
 7038 -177.31  -63.48  -38.68 
 7041  177.36  -62.57  -45.22 
 7044  179.66  -62.43  -45.99 
 7047  177.83  -56.92  -48.69 
 7050  179.92  -59.90  -43.65 
 7053 -179.84  -63.14  -44.51 
 7056 -177.11  -73.01  -38.07 
 7059  174.64  -58.66  -43.73 
 7062  177.66  -65.78  -42.75 
 7065 -178.43  -62.21  -44.11 
 7068 -178.40 -102.30   23.26 
 7071 -175.54  -52.91  -47.37 
 7074  178.80  -62.87  -21.40 
 7077 -174.92 -121.45   12.38 
 7080 -170.38  -80.55  116.54 
 7083  179.87  -91.78  -47.99 
 7086 -166.83 -159.53  159.86 
 7089  164.08 -121.51  131.99 
 7092  174.92 -102.50  122.22 
 7095  177.08 -127.80  150.34 
 7098  166.74 -106.71  141.15 
 7101  177.33 -140.62  128.27 
 7104   -7.92  -58.99  165.01 
 7107 -168.71  -57.52  169.12 
 7110  177.52  -64.59  -19.16 
 7113  175.26  -84.34    3.41 
 7116  174.88   82.56   23.64 
 7119 -172.34 -111.16  128.73 
 7122  166.69  -73.95   87.21 
 7125  179.82  -69.91  132.00 
 7128 -178.93  -78.49   -7.15 
 7131 -174.85  -94.68    1.01 
 7134 -172.33  -55.43  -42.53 
 7137  178.83  -65.77  -40.85 
 7140  177.86  -63.33  -41.35 
 7143  177.38  -59.81  -47.85 
 7146  175.63  -60.70  -39.66 
 7149  178.69  -60.76  -43.69 
 7152 -179.55  -59.42  -47.23 
 7155  178.24  -58.48  -49.06 
 7158  178.21  -60.23  -40.60 
 7161  178.49  -55.66  -30.80 
 7164 -178.39 -103.13   11.06 
 7167  169.73   90.20    9.74 
 7170 -179.71  -90.19  165.28 
 7173  171.57 -106.26  155.90 
 7176  179.14 -108.76  122.03 
 7179  175.12 -106.64  133.09 
 7182  175.26 -110.89  124.03 
 7185  175.46  -74.08  130.21 
 7188 -176.58  -85.99   16.63 
 7191 -179.76  -48.74  -39.73 
 7194 -172.68 -108.24   23.40 
 7197 -177.92  -63.27  -17.39 
 7200  179.46  -68.55  -13.57 
 7203  172.33  -88.77   -5.09 
 7206 -169.88 -110.31  -32.16 
 7209 -164.79  -55.86  115.81 
 7212  179.05   89.88  -14.83 
 7215 -175.62 -106.42  -28.23 
 7218  151.91 -144.23 -143.54 
 7221  126.44 -176.90  -51.96 
 7224  -44.79 -179.96  -61.09 
 7227  -36.37 -175.76  -68.19 
 7230  -32.67 -179.55  -91.78 
 7233   -4.25  173.15  125.96 
 7236    1.47  175.34  -71.60 
 7239  141.75  178.27  -93.00 
 7242  -24.01 -179.65 -155.12 
 7245  150.60  171.53 -146.02 
 7248  164.56  161.91 -114.31 
 7251  154.91  171.58 -112.87 
 7254  145.55  171.12  -97.00 
 7257  103.41 -178.13  -66.77 
 7260  -24.48  178.80  -84.27 
 7263    1.97  172.48 -113.69 
 7266  -74.53 -174.89  -68.82 
 7269  -28.00 -170.69 -119.74 
 7272   26.78  160.39   81.58 
 7275   -3.55  171.44  -59.18 
 7278  132.48 -175.32  -63.70 
 7281  154.33 -176.40  -78.41 
 7284  -14.94  164.74   71.14 
 7287   13.56 -173.35   78.15 
 7290   -2.40 -133.33 -114.72 
 7293  142.85 -175.20 -129.39 
 7296   64.58 -177.95  -63.90 
 7299  151.64  177.88 -113.27 
 7302  149.48  174.07 -117.00 
 7305  142.30 -179.95 -137.27 
 7308  156.94  172.22  -77.16 
 7311 -117.93   80.63   29.91 
 7314  -12.00  177.44 -108.50 
 7317   -2.99 -169.71  -64.64 
 7320  -35.96  178.97  -56.90 
 7323  -22.86 -171.13  -96.81 
 7326   -1.89 -178.52  -57.85 
 7329  149.86  177.75  -60.72 
 7332  150.01 -173.75  -70.18 
 7335  148.74 -177.29 -105.28 
 7338   10.49  176.08 -159.10 
 7341  157.34  173.26  -83.64 
 7344   99.14  -22.08  -46.06 
 7347  127.58  165.46 -164.50 
 7350  172.74 -172.38 -102.30 
 7353   15.84 -179.39  -59.45 
 7356  145.52  174.51  -70.53 
 7359  -13.30  177.24  114.99 
 7362  -73.93   10.98 -149.05 
 7365  -40.04  177.44 -113.13 
 7368  159.97  178.91  -64.48 
 7371  -36.52 -178.83 -101.75 
 7374  141.52 -175.97  -49.85 
 7377  -37.41 -178.81 -117.82 
 7380   27.70  175.58   53.55 
 7383 -134.45  179.95  -83.48 
 7386   73.09 -165.63  -60.50 
 7389  -36.98 -173.45  -62.07 
 7392  -28.16  179.87  -85.82 
 7395   -6.74  174.14  -64.23 
 7398  -22.04  178.48  -63.01 
 7401  -27.17 -178.87  -62.83 
 7404  -45.99 -179.19  -72.96 
 7407  -30.58  175.62  -63.19 
 7410  -45.71 -178.82  -62.79 
 7413  -42.88 -179.85  -59.88 
 7416  -47.31  179.29  -67.42 
 7419  -39.88  178.54  -64.30 
 7422  -37.02 -177.54  -82.54 
 7425  -26.85 -177.71  -84.46 
 7428  -41.24 -174.48   71.02 
 7431  178.25  179.10  -66.25 
 7434  -40.45  178.40  -62.94 
 7437  -44.66 -179.18  -68.03 
 7440  -43.53 -178.76  -58.82 
 7443  -41.72 -177.91  -69.62 
 7446  -44.03  176.23  -59.48 
 7449  -38.10  178.37  -57.81 
 7452  -46.97  179.32  -59.51 
 7455  -46.63 -178.65  -61.30 
 7458  -41.69  178.83  -70.79 
 7461  -32.03  176.12  -61.61 
 7464  -39.43  179.57  -72.05 
 7467  -40.22  173.89  -56.32 
 7470  -49.20 -176.59  -66.78 
 7473  -39.30  174.15  -62.32 
 7476  -45.54  178.45  -63.39 
 7479  -39.89  174.61  -56.80 
 7482  -47.56  178.83  -63.19 
 7485  -39.47 -179.07  -65.15 
 7488  -41.91  179.51  -64.52 
 7491  -37.58  178.17  -67.78 
 7494  -35.33 -171.97  -98.79 
 7497  -11.07 -169.93  -60.81 
 7500  -27.70  179.14  -77.25 
 7503  -13.24 -174.87 -109.60 
 7506  -39.12  177.05 -129.18 
 7509  123.93  175.57  -55.13 
 7512  131.57  176.53  -87.76 
 7515  122.27 -178.71  -90.92 
 7518  150.44  167.89   58.67 
 7521   60.70  169.62  -80.68 
 7524  144.89 -178.96  -85.01 
 7527 -160.37  175.00  -59.95 
 7530  147.67 -177.94   63.83 
 7533   18.15  178.08   57.74 
 7536   31.28  174.65 -105.66 
 7539  151.89  171.28  -96.10 
 7542  179.82  174.76  -96.24 
 7545 -113.54 -174.98 -100.09 
 7548    2.79  178.89 -147.67 
 7551  158.92  174.64 -133.92 
 7554  141.72 -178.17 -101.14 
 7557  117.78  179.63  -94.06 
 7560  126.08  179.70  -82.60 
 7563  110.99  179.01  -96.72 
 7566   -2.68 -178.84  -60.34 
 7569  -35.27  173.61  -57.01 
 7572  -32.61  177.95  -63.56 
 7575  -33.41  175.31  -66.94 
 7578  -43.14 -178.15  -67.74 
 7581  -41.38 -170.95  -86.94 
 7584  -34.22 -170.06 -131.29 
 7587    2.45 -175.92   55.88 
 7590   28.45  175.67  -88.77 
 7593  133.59 -178.84 -101.54 
 7596  158.52  179.40  -56.29 
 7599  -32.12  179.38  -67.93 
 7602  -33.90  174.15  -56.97 
 7605  -49.40  179.46  -63.98 
 7608  -40.78  179.80  -59.57 
 7611  -41.91  179.81  -74.84 
 7614  -36.89  179.86  -63.37 
 7617  -34.85  174.34  -54.77 
 7620  -30.87  177.80  -61.24 
 7623  -39.09  178.25  -66.17 
 7626  -20.68  175.80  -91.82 
 7629   -2.17  178.99   89.03 
 7632   19.84 -178.88 -119.82 
 7635  143.66  165.05  -78.90 
 7638  136.20 -178.93  -63.71 
 7641  156.15  169.93  -74.82 
 7644 -167.08 -179.74  -70.95 
 7647  129.65 -172.23 -104.76 
 7650  127.70  171.32   61.77 
 7653   16.83  169.39 -139.02 
 7656  140.00   -0.56  -76.49 
 7659   -6.49 -178.51 -116.36 
 7662  120.08 -179.11  -57.10 
 7665  135.16  176.73   82.84 
 7668   14.66 -178.85 -128.78 
 7671  175.20  175.68 -128.13 
 7674  137.74  178.02 -113.91 
 7677  119.95 -168.03 -110.38 
 7680  125.49  175.23 -127.34 
 7683  102.84 -178.03  -72.38 
 7686  -28.67 -167.71   66.20 
 7689  169.78 -178.81  -78.07 
 7692   -7.28 -168.71  -90.07 
 7695  -10.14 -175.76  -97.95 
 7698  138.92 -171.01  -77.28 
 7701  161.96  176.34  -57.72 
 7704  -38.29  179.09  -60.48 
 7707  -45.08  177.98  -65.68 
 7710  -41.40  178.69  -61.44 
 7713  -41.39 -178.59  -68.27 
 7716   29.92   76.58   22.26 
 7719  -45.42  175.26  -59.51 
 7722  -44.81  178.40  -60.50 
 7725  -40.16  175.51  -60.61 
 7728  -47.81  178.47  -59.75 
 7731  -39.06  177.38  -66.81 
 7734  -43.59  176.49  -60.85 
 7737  -41.21  178.96  -64.82 
 7740  -38.97  173.46  -54.63 
 7743  -39.22 -178.35  -72.54 
 7746  -34.90  174.95  -63.14 
 7749  -39.54  176.80  -64.96 
 7752  -39.13  178.42  -59.83 
 7755  -40.86  179.46  -60.80 
 7758  -36.12  177.56  -69.85 
 7761  -50.12  178.80  -52.86 
 7764  -36.03 -175.69  -97.37 
 7767    6.68  174.22   73.40 
 7770   25.43  179.48  -88.92 
 7773  -10.46  176.60 -151.64 
 7776  147.19  177.35  -47.17 
 7779  129.97 -174.26  -71.04 
 7782  -20.42 -179.77 -101.70 
 7785  -33.14 -176.28 -109.50 
 7788   85.44 -177.11 -151.81 
 7791  168.79 -173.49  -62.43 
 7794  -34.87  178.73  -60.34 
 7797  -44.23 -178.15  -75.65 
 7800  -26.19 -173.70 -100.11 
 7803   -6.82  176.53  -63.99 
 7806  152.05   -3.66  -80.84 
 7809  152.58  179.56  -98.65 
 7812  116.24  176.85  -78.42 
 7815  153.99  175.16  -55.86 
 7818  -44.91 -177.06  -61.59 
 7821  -38.03 -179.49  -65.99 
 7824  -28.28 -177.57  -86.47 
 7827  -18.85 -174.10 -108.20 
 7830  -36.77 -174.09 -100.35 
 7833  146.46  176.37   77.69 
 7836 -175.97 -178.55  -80.86 
 7839  144.30  178.40 -107.00 
 7842  107.05 -174.45 -114.70 
 7845   10.05  177.75  -76.11 
 7848  154.10 -178.88  -83.07 
 7851   -0.48  174.22 -113.97 
 7854  163.27 -176.54  -87.08 
 7857  157.86  174.23  -58.75 
 7860  -34.65  178.44  -64.88 
 7863  -43.33  176.07  -60.83 
 7866  -32.71  178.93  -71.73 
 7869  -52.96 -169.93  -87.67 
 7872  -31.17 -174.98 -124.39 
 7875   61.33 -174.03  -78.82 
 7878   -6.64  178.38 -138.62 
 7881  149.62 -174.27  -60.58 
 7884  -35.98  179.85  -62.32 
 7887  -27.12 -179.91  -68.81 
 7890  -18.09  174.52  -85.49 
 7893   -8.09  174.22  -96.86 
 7896  -37.22  176.47 -148.17 
 7899  122.22 -176.24 -115.67 
 7902  121.74  171.83  -91.90 
 7905  124.24 -178.47  -96.66 
 7908  121.81  171.65  -62.15 
 7911  130.85 -174.19  -72.49 
 7914  -31.18 -179.68 -134.31 
 7917  162.68  174.14  -77.44 
 7920 -173.17 -175.63  -64.03 
 7923  134.03 -175.84  -87.70 
 7926  139.57 -176.65  -63.94 
 7929   93.95 -103.06  -99.10 
 7932  123.52 -177.70  -71.19 
 7935  143.30 -175.09  -77.89 
 7938  -17.90  174.49 -106.81 
 7941  -58.74  179.77  -86.71 
 7944   77.94 -165.91  -63.25 
 7947  -24.62 -179.36  -80.58 
 7950    5.88  178.25 -145.09 
 7953   45.79  -76.45    0.00 
