phi     psi   omega 
    0    0.00  145.59 -179.14 
    3 -113.76  132.18  177.82 
    6 -154.09  113.74  178.65 
    9 -122.23  146.10 -178.99 
   12 -128.64  130.03 -179.93 
   15 -123.32  109.01  179.92 
   18  -62.51  -32.29  178.43 
   21  -92.14   90.63  179.66 
   24  -57.88  -41.28 -179.47 
   27  -47.63  -46.45 -178.89 
   30  -46.11  -48.02 -178.69 
   33  -73.52  -30.63  178.28 
   36  -64.67  -54.44  178.98 
   39  -59.07  -39.24  179.61 
   42  -60.86  -42.64 -178.30 
   45  -73.12  -34.05  178.46 
   48  -72.61  -23.59  178.57 
   51  -79.42  -21.50 -178.71 
   54 -104.92  -48.04 -177.34 
   57  -36.14  -36.57 -178.96 
   60  -84.57  -27.98  178.83 
   63  -86.03  -43.66  178.62 
   66 -123.58  130.24 -178.83 
   69  -89.77  -43.77  179.93 
   72 -123.01  143.04 -179.82 
   75 -165.20  150.54  179.78 
   78  -88.20  131.29  178.15 
   81 -105.65  106.80  179.68 
   84  -89.39  118.93  179.51 
   87 -105.56  133.03 -179.53 
   90 -152.05  164.87 -179.18 
   93  -51.97  -29.13  179.53 
   96  -64.79  -39.02 -179.73 
   99  146.23 -159.36 -179.52 
  102  -91.37  132.18 -179.67 
  105 -133.17  140.14 -179.38 
  108 -148.74  128.82  177.30 
  111 -131.95  132.67 -177.92 
  114 -161.80  143.61  178.22 
  117 -100.40  151.85  177.49 
  120  -77.29  168.11 -179.08 
  123  -43.13  -44.65 -178.75 
  126  -83.94   -8.39 -179.64 
  129   69.07   15.04 -179.03 
  132  -80.59  -17.12 -179.17 
  135 -141.93  157.56 -179.83 
  138 -134.69  146.34  178.40 
  141 -122.56  148.88 -179.83 
  144 -145.16  113.33 -179.03 
  147 -106.21  141.64  178.29 
  150 -142.59  113.32  178.74 
  153 -115.95  102.09 -179.25 
  156  -63.59  137.99 -179.81 
  159  -54.81  -33.94  179.99 
  162  -64.33  -16.14  179.71 
  165  -81.10  -11.17 -179.82 
  168 -101.49  146.06  179.20 
  171  -64.43  -44.01 -179.54 
  174 -127.50  136.12  178.77 
  177 -152.29  125.75  179.75 
  180 -142.43  137.42  178.86 
  183 -155.21   96.55 -179.82 
  186  -64.69  -52.65 -179.78 
  189 -126.79  141.49  179.88 
  192  -61.42  133.75 -179.10 
  195 -118.19  145.31  177.97 
  198 -129.07   93.96 -178.13 
  201  -95.76  119.06  178.16 
  204  -74.61  112.20 -177.51 
  207 -117.59  143.70  177.59 
  210  -98.43  100.09 -177.99 
  213  -53.10  -27.93  178.62 
  216  -69.66  -37.41  178.73 
  219  -73.90  -41.90  179.79 
  222  -66.48  -30.03  179.18 
  225  -67.16  -41.86  178.66 
  228  -62.16  -44.45  179.28 
  231  -62.52  -46.87  179.90 
  234  -68.52  -23.18  177.53 
  237  -62.87  -23.41  179.95 
  240  -78.95   -6.87  179.53 
  243  -90.12  155.49  179.13 
  246  -97.14  154.23 -179.24 
  249  -63.64   -4.79  179.54 
  252 -117.92    2.77 -179.46 
  255  -72.86  148.83  177.44 
  258  -94.14  117.98 -178.12 
  261  -99.04  129.28  178.64 
  264 -115.33  134.62  178.41 
  267 -112.21  131.54  179.89 
  270 -143.96  125.52 -179.11 
  273 -140.28  143.27  179.40 
  276  -95.36  146.60 -179.49 
  279  -54.43  -46.13 -179.76 
  282  -93.89   14.86 -177.70 
  285  -88.72  142.93 -179.44 
  288  -96.47    4.65 -178.40 
  291 -133.12  162.81  177.26 
  294 -122.95  137.13 -178.27 
  297 -113.36  118.46  178.93 
  300 -109.74  131.00  179.99 
  303 -122.11  119.10 -179.50 
  306 -100.76  123.84 -179.90 
  309 -112.23  112.09  179.55 
  312  -61.60  132.95 -179.55 
  315  -53.59   20.38   58.30 
  318  -95.60   45.96  178.37 
  321 -126.42  118.08  179.37 
  324 -129.58  118.70  178.92 
  327  -98.06  145.71 -179.76 
  330 -140.15  114.56 -179.45 
  333 -111.32  156.35  179.63 
  336 -137.36   92.30 -178.50 
  339  -79.35  129.05  178.27 
  342  -73.86  134.77  178.33 
  345  -87.39 -162.50 -179.80 
  348 -167.85  167.98  179.40 
  351  -89.12  141.49 -179.69 
  354 -139.04  123.64  177.18 
  357  -89.25   79.62 -177.51 
  360  -77.17  157.68  178.07 
  363 -137.93  112.28 -178.98 
  366 -112.32  152.17 -179.53 
  369 -109.84  153.22  178.04 
  372  -93.08  106.85 -179.88 
  375 -112.00  103.69 -179.96 
  378  -76.83  153.67  178.72 
  381  -56.87  134.33  179.15 
  384 -131.90  165.99  176.26 
  387 -126.37  120.29 -177.13 
  390  -86.51  153.50  178.98 
  393  -62.81  -28.42  179.38 
  396 -146.13  135.80 -179.66 
  399 -134.79  104.91 -179.45 
  402  -98.36  130.55  175.99 
  405 -113.33  124.84 -179.35 
  408 -149.30  164.72  179.71 
  411  -63.39  128.53 -179.04 
  414  -57.70  -30.07  178.09 
  417  -66.98  -40.80 -179.65 
  420  -63.41  -43.57  179.93 
  423  -60.63  -48.68  179.48 
  426  -61.44  -38.30  178.70 
  429  -66.02  -49.60  179.42 
  432  -53.24  -58.51 -179.16 
  435  -53.63  -43.29  179.72 
  438  -66.36  -41.86 -178.22 
  441  -66.78  -48.88  178.98 
  444  -63.09  -18.53  178.40 
  447  -65.07  -32.21  179.83 
  450  -77.38   -4.67 -178.51 
  453 -110.06  -40.53 -179.11 
  456 -154.15 -175.67 -179.51 
  459  -96.98  -37.01 -179.74 
  462 -113.71  158.55  179.52 
  465 -126.08  129.64  179.69 
  468  -97.72   96.30 -179.37 
  471  -84.79  120.77  179.09 
  474 -115.05  119.47 -179.19 
  477 -117.03  128.58  179.07 
  480 -137.30 -178.78 -178.42 
  483  -70.47  -31.52 -177.90 
  486  -73.18  -36.35 -179.48 
  489 -175.96 -166.83  179.74 
  492 -130.15  156.39 -179.47 
  495 -136.73  131.13  178.90 
  498 -113.65  133.15 -178.47 
  501 -139.34  151.41  179.12 
  504 -141.59  160.52 -179.64 
  507 -143.74  142.45 -179.42 
  510 -154.89 -168.40 -179.03 
  513  -81.34   25.70  179.52 
  516 -138.40   -8.85 -179.28 
  519  137.22 -155.42 -178.67 
  522 -136.25  164.40  179.97 
  525 -130.00  151.90 -178.17 
  528 -148.21  111.94 -179.44 
  531 -110.55  113.55 -178.25 
  534 -106.26  114.37  178.79 
  537  -98.89  142.95 -179.97 
  540 -113.34  149.78  177.50 
  543  -60.26  137.73 -179.62 
  546  -95.18  139.51 -179.85 
  549  -84.54   30.86   62.17 
  552 -108.02  -40.29 -179.78 
  555  -92.55   -1.26 -179.31 
  558 -111.52   20.64 -178.20 
  561 -106.88  155.25  178.13 
  564 -126.00  111.25 -179.32 
  567 -121.17  147.07 -177.25 
  570 -128.74  114.25  177.92 
  573 -100.27   75.88 -178.89 
  576  -95.97  130.96  178.15 
  579  -99.07  -50.42  178.75 
  582 -134.88  147.13  179.74 
  585  -67.09  149.67  179.28 
  588 -139.22  150.45  177.82 
  591 -143.93  113.44 -178.08 
  594 -126.48  154.15  178.91 
  597 -109.92  125.21 -179.58 
  600 -131.44  150.92  179.72 
  603  -77.14  120.84 -178.66 
  606  -62.90  -29.24 -178.72 
  609  -55.71  -43.11  179.35 
  612  -75.09  -37.84  178.61 
  615  -61.36  -34.23  179.29 
  618  -72.57  -10.22  176.21 
  621  -88.08  -43.32  178.92 
  624  -56.85  -43.65 -178.18 
  627  -63.58   -1.37  178.25 
  630  -79.52   -7.89  179.81 
  633  -92.79    7.56 -179.82 
  636  -55.81  -50.61  179.93 
  639  -54.64  -16.15  179.26 
  642  -74.36  -24.47 -177.65 
  645 -154.65  153.76  179.52 
  648  -81.94  -16.52 -179.14 
  651 -134.73  158.06  178.97 
  654 -134.56  152.57  178.62 
  657 -129.18  131.15 -179.20 
  660 -109.58  121.74  179.91 
  663 -106.60  119.64 -178.60 
  666 -127.34  128.01  176.32 
  669 -126.86  149.90  179.88 
  672  -62.53  138.21  178.43 
  675   60.90   22.69  178.92 
  678 -128.37  164.01  179.51 
  681  -67.94  148.84  179.12 
  684  -77.78  150.54  178.20 
  687 -125.04  115.47  178.48 
  690 -108.36  110.74 -177.63 
  693 -109.91  135.39  179.02 
  696 -117.79  113.86  179.29 
  699  -82.67  115.92  175.32 
  702  -80.27  116.80 -176.57 
  705  -46.35  114.31  178.59 
  708   50.61   35.74  178.41 
  711 -128.14  -59.35  179.69 
  714  173.01 -115.56 -179.21 
  717 -169.07  176.84  178.26 
  720 -143.91  123.62 -179.49 
  723 -119.83  145.94  178.10 
  726 -124.17  125.02  177.42 
  729 -104.25  142.95  179.90 
  732 -132.75  120.59  179.55 
  735  -65.19  130.83 -179.57 
  738  -74.41  161.08  179.45 
  741  -93.42  135.17  178.34 
  744   81.00  110.43 -179.85 
  747  -58.13  119.53  179.36 
  750  -91.52  173.90  178.68 
  753 -125.16  155.03 -179.13 
  756  -52.96  -35.79  179.95 
  759  -67.33   -0.58  179.49 
  762  -92.58  -15.07 -177.29 
  765 -113.45  -27.79 -179.22 
  768 -125.69  145.40 -179.70 
  771  -66.11  127.98 -179.99 
  774 -105.89  148.42  178.35 
  777 -136.86  122.88 -179.64 
  780  -82.36  147.70 -179.24 
  783 -136.06  137.44  178.22 
  786 -101.71  117.42 -179.37 
  789  -98.77  116.42  179.77 
  792 -105.45  102.79  179.12 
  795 -170.08  139.98  179.82 
  798 -111.77  128.52  177.24 
  801 -148.64  116.96 -179.70 
  804 -126.13  126.73 -179.87 
  807 -109.08  130.05  179.63 
  810 -126.78  121.72  179.84 
  813  -71.91  -47.18  179.19 
  816  -77.43   75.30 -179.66 
  819  -62.67  -26.34 -179.64 
  822  -54.11  -35.03  179.36 
  825  -58.63  -43.37 -179.08 
  828  -71.33  -31.40  178.25 
  831  -67.74  -47.15  179.51 
  834  -61.62  -46.18  179.04 
  837  -53.45  -54.03 -179.95 
  840  -61.37  -36.03  177.83 
  843  -65.88  -25.22 -179.81 
  846  -86.99   -4.99 -178.04 
  849 -125.66  -44.23 -178.25 
  852  -40.07  -38.66 -179.39 
  855  -77.02  -32.11  179.27 
  858  -82.09  -46.75 -178.82 
  861 -127.20  123.10 -177.42 
  864  -82.91  -33.53  178.98 
  867 -130.48  147.21  179.54 
  870 -164.99  151.98 -179.62 
  873  -92.92  126.94  178.56 
  876 -102.06  115.17  179.93 
  879  -94.21  111.42  179.38 
  882 -102.79  126.96 -179.85 
  885 -136.12  171.59  179.43 
  888  -63.96  -20.66  178.54 
  891  -75.76  -27.71  179.71 
  894  142.89 -160.93  179.86 
  897  -97.43  124.14  179.18 
  900 -124.40  141.06  179.71 
  903 -145.89  126.10  177.39 
  906 -131.22  127.84 -179.82 
  909 -152.03  156.34 -178.07 
  912 -115.07  137.49  179.09 
  915  -71.82  163.02 -177.91 
  918  -42.58  -45.41 -179.33 
  921  -78.93   -7.54  179.83 
  924   60.94   25.90  178.92 
  927  -90.79  -30.12  179.63 
  930 -126.61  166.13 -178.76 
  933 -145.98  145.35  179.74 
  936 -117.27  146.08  178.67 
  939 -143.30  111.51 -179.44 
  942 -110.78  137.24  179.33 
  945 -139.31  121.92  178.42 
  948 -123.46   99.12 -179.08 
  951  -61.88  138.39 -179.95 
  954  -51.48  -29.55 -179.60 
  957  -71.03  -14.87  179.80 
  960  -80.32  -14.48 -179.66 
  963  -92.46  149.02  179.45 
  966  -70.45  -31.50 -179.70 
  969 -143.78  138.28  179.76 
  972 -148.43  135.45  178.03 
  975 -152.21  128.87  178.15 
  978 -148.13   99.59  179.80 
  981  -67.69  -56.70 -178.11 
  984 -119.39  138.30 -179.14 
  987  -60.37  135.72 -179.20 
  990 -118.03  153.02  177.85 
  993 -135.93   97.15 -178.43 
  996  -99.45  117.31  178.26 
  999  -76.91  107.98 -177.31 
 1002 -112.28  145.33  176.24 
 1005  -96.60  105.13 -177.54 
 1008  -58.98  -31.38  178.12 
 1011  -60.05  -52.22  179.63 
 1014  -63.27  -42.78  179.43 
 1017  -63.17  -34.36  179.37 
 1020  -66.24  -39.36  179.20 
 1023  -66.20  -31.31  179.35 
 1026  -74.60  -41.74  179.43 
 1029  -68.79  -24.04  178.96 
 1032  -69.77   -7.39  178.71 
 1035  -89.28   -9.13  179.11 
 1038  -92.62  143.94  178.23 
 1041  -85.01  172.67 -179.80 
 1044  -75.96  -11.54 -179.62 
 1047 -105.70   -4.09 -179.29 
 1050  -67.69  151.24  177.08 
 1053  -95.11  117.41 -178.46 
 1056  -99.18  126.78  179.54 
 1059 -117.16  126.92  178.07 
 1062 -105.64  136.11  179.67 
 1065 -145.77  128.25  179.95 
 1068 -138.82  151.56  179.42 
 1071 -104.82  154.02 -179.14 
 1074  -60.79  -48.33  179.09 
 1077  -91.24   21.01 -178.13 
 1080  -90.57  142.37  179.93 
 1083  -99.79    6.96 -178.83 
 1086 -135.60  161.20  177.64 
 1089 -120.81  136.70 -179.87 
 1092 -112.29  125.52  177.92 
 1095 -116.33  124.55  179.27 
 1098 -116.31  118.92  179.97 
 1101 -103.24  130.17  179.47 
 1104 -117.72  112.03  179.20 
 1107  -63.09  133.32 -179.96 
 1110  -67.25   42.35   25.55 
 1113  -63.07    9.41 -179.94 
 1116 -116.78  121.42  178.67 
 1119 -129.01  124.79  179.59 
 1122 -116.64  135.62 -179.95 
 1125 -125.56  123.72  179.35 
 1128 -121.29  149.21 -179.94 
 1131 -130.69   97.95 -178.14 
 1134  -86.29  124.84  178.25 
 1137  -71.57  140.07  179.84 
 1140  -96.27 -172.99 -179.43 
 1143 -155.55  165.37  178.95 
 1146  -84.37  138.11  179.73 
 1149 -137.99  130.84  177.26 
 1152  -98.12   72.10 -178.44 
 1155  -67.98  166.29  177.97 
 1158 -139.05  116.95 -177.29 
 1161 -113.75  144.42 -179.63 
 1164  -98.82  144.90  178.18 
 1167  -92.76  100.91 -179.05 
 1170 -106.21  102.67 -179.45 
 1173  -71.16  154.57  178.72 
 1176  -66.16  128.68 -179.61 
 1179 -123.67  164.20  176.04 
 1182 -118.75  105.46 -178.26 
 1185  -77.59  152.12  179.51 
 1188  -65.29  -30.13  179.89 
 1191 -141.65  131.45  179.00 
 1194 -133.81  113.82 -179.43 
 1197 -107.23  127.31  176.80 
 1200 -108.20  132.08 -179.42 
 1203 -160.82  160.90  179.42 
 1206  -57.19  128.42 -179.69 
 1209  -60.86  -32.62  179.66 
 1212  -68.16  -37.98  179.79 
 1215  -64.33  -46.28  178.57 
 1218  -60.52  -45.78  179.74 
 1221  -57.29  -43.67  179.73 
 1224  -58.17  -53.79 -179.14 
 1227  -50.81  -48.62 -178.97 
 1230  -64.48  -47.17 -179.51 
 1233  -57.28  -47.00 -178.67 
 1236  -66.32  -59.01  179.53 
 1239  -52.81  -21.32  179.00 
 1242  -63.10  -33.55  179.43 
 1245  -73.90  -23.01 -178.74 
 1248  -85.91  -37.11 -178.78 
 1251 -171.95 -179.68 -178.58 
 1254  -80.06  -45.99 -177.93 
 1257 -104.70  156.03 -179.39 
 1260 -124.12  136.45  178.38 
 1263 -106.64  110.05 -179.94 
 1266  -95.86  120.56  178.96 
 1269 -112.56  125.48  179.51 
 1272 -117.35  126.18  179.10 
 1275 -133.99  170.17 -177.01 
 1278  -54.56  -49.31 -177.19 
 1281  -94.51   24.79  179.39 
 1284  149.57  160.14  179.74 
 1287 -122.08  147.54 -178.31 
 1290 -128.16  134.08  179.46 
 1293 -114.68  131.13 -178.75 
 1296 -133.21  153.33  179.12 
 1299 -147.22  159.15 -179.52 
 1302 -147.03  143.91  179.62 
 1305 -156.89 -173.15 -179.68 
 1308  -64.90  -20.75  179.56 
 1311  -86.41  -12.44 -178.97 
 1314  137.76 -151.20  179.85 
 1317 -134.85  158.38 -179.80 
 1320 -126.88  148.55 -178.82 
 1323 -148.32  121.22 -179.32 
 1326 -115.70  125.25 -179.24 
 1329 -110.78  121.44  179.43 
 1332 -110.93  122.10  179.27 
 1335  -96.15  145.49  179.24 
 1338  -62.51  118.73 -178.79 
 1341  -61.34 -116.85   98.91 
 1344  -85.87  -60.04  179.41 
 1347  -87.61    2.64 -177.48 
 1350 -112.87    4.47 -178.74 
 1353  -93.58  169.68  177.93 
 1356 -135.26  123.72  179.86 
 1359 -132.45  145.03 -178.40 
 1362 -127.12  132.25  177.07 
 1365 -113.63   94.11 -176.42 
 1368 -113.85  112.96  178.60 
 1371  -84.22  -37.73 -179.69 
 1374 -148.64  146.34  179.33 
 1377  -65.40  150.70  179.18 
 1380 -141.66  147.52  178.44 
 1383 -141.66  113.81 -178.84 
 1386 -126.12  156.67  179.81 
 1389 -112.90  121.73 -178.93 
 1392 -130.16  149.91  179.40 
 1395  -75.66  116.35 -179.14 
 1398  -59.67  -23.65 -179.66 
 1401  -60.02  -46.27 -179.46 
 1404  -70.78  -41.53  179.73 
 1407  -58.14  -40.61  178.69 
 1410  -68.57   -0.29  176.52 
 1413  -97.63  -43.34  178.70 
 1416  -56.75  -50.27 -179.91 
 1419  -49.97  -17.58  177.88 
 1422  -68.10    2.66  179.53 
 1425 -104.58    0.19 -179.45 
 1428  -44.24  -45.33  179.92 
 1431  -60.87   -4.75  179.22 
 1434  -87.28  -19.19 -178.14 
 1437 -156.68  156.72  178.63 
 1440  -86.34  -11.09 -178.64 
 1443 -142.17  163.53 -179.77 
 1446 -143.89  152.85  177.70 
 1449 -119.84  141.20  178.86 
 1452 -115.69  119.88  179.08 
 1455 -110.25  122.64 -179.01 
 1458 -129.87  155.94  178.00 
 1461 -160.30  148.62 -178.67 
 1464  -61.77  136.29  177.42 
 1467   66.16   16.62  179.91 
 1470 -128.73  150.62  179.89 
 1473  -56.16  138.64  178.71 
 1476  -70.22  147.77  177.74 
 1479 -123.30  115.69  178.94 
 1482 -107.04  113.58 -178.40 
 1485 -113.50  132.80  177.79 
 1488 -115.68  111.28 -179.95 
 1491  -76.92  107.89  176.48 
 1494  -70.68  116.45 -176.38 
 1497  -43.65  107.31  178.54 
 1500   56.15   26.06  178.29 
 1503 -115.23  -53.22 -179.90 
 1506  170.12 -110.95 -178.51 
 1509 -170.47  175.98  177.50 
 1512 -142.60  117.31 -179.14 
 1515 -112.50  138.77  178.69 
 1518 -120.41  127.82  178.64 
 1521 -107.81  136.60 -179.49 
 1524 -126.80  116.74  179.17 
 1527  -65.47  133.52 -179.79 
 1530  -71.27  158.14  179.90 
 1533  -87.62  111.15  178.87 
 1536   50.09  113.79 -179.82 
 1539  -68.06  113.49  178.11 
 1542  -82.67  168.07  179.45 
 1545 -115.67  156.27 -179.49 
 1548  -59.23  -28.00 -179.35 
 1551  -72.98  -12.07  179.29 
 1554  -75.19  -25.69 -177.02 
 1557 -104.99  -29.63 -178.78 
 1560 -124.89  146.93  179.99 
 1563  -66.03  121.90  179.96 
 1566  -95.71  151.33 -179.97 
 1569 -142.59  101.37  179.87 
 1572  -60.63  137.55 -179.78 
 1575 -130.00  135.10  177.59 
 1578  -99.00  119.26 -179.38 
 1581 -110.57  120.74  179.10 
 1584 -108.67  119.40 -179.23 
 1587  173.48  136.38  179.49 
 1590 -110.52  132.42  178.67 
 1593 -152.49  120.71  179.77 
 1596 -128.00  139.22 -179.77 
 1599 -121.47  114.65  179.27 
 1602 -108.42  110.22 -179.85 
 1605  -64.72  -32.82  178.93 
 1608  -91.17   73.59 -179.55 
 1611  -51.25  -41.82 -179.85 
 1614  -43.13  -37.34  179.83 
 1617  -57.35  -53.86 -178.74 
 1620  -65.48  -25.50  177.88 
 1623  -70.75  -46.20  179.17 
 1626  -65.35  -42.23 -179.43 
 1629  -55.18  -43.82 -178.82 
 1632  -74.64  -24.72  177.32 
 1635  -76.60  -21.11 -179.86 
 1638  -88.83   -5.98 -178.88 
 1641 -117.90  -48.52 -176.95 
 1644  -35.10  -46.60 -179.31 
 1647  -73.12  -32.02  179.50 
 1650  -84.24  -39.23  178.56 
 1653 -129.32  123.99 -178.48 
 1656  -88.91  -33.29  179.55 
 1659 -130.71  135.24 -179.36 
 1662 -155.53  159.05 -179.92 
 1665  -96.81  129.53  178.49 
 1668 -104.65   99.38  178.79 
 1671  -78.63  130.13  179.52 
 1674 -118.42  139.40 -178.67 
 1677 -155.13 -178.31  179.65 
 1680  -67.06  -29.46  179.87 
 1683  -71.01  -29.78 -179.94 
 1686  145.83 -155.50 -179.71 
 1689 -108.05  129.43 -179.52 
 1692 -127.92  143.95  179.50 
 1695 -142.00  131.35  176.55 
 1698 -135.80  131.38 -178.61 
 1701 -161.28  144.08  178.05 
 1704 -101.94  150.03  177.31 
 1707  -77.41  168.44 -178.87 
 1710  -44.21  -45.59 -178.90 
 1713  -78.32  -14.22  180.00 
 1716   71.62   17.37  178.91 
 1719  -83.77  -28.69  179.91 
 1722 -124.99  163.49 -179.91 
 1725 -145.32  140.66  179.33 
 1728 -115.83  147.42  179.87 
 1731 -143.50  108.38 -179.42 
 1734 -103.85  139.99  178.52 
 1737 -143.10  112.89  178.00 
 1740 -114.99  100.01 -178.70 
 1743  -64.99  143.24 -179.11 
 1746  -57.18  -29.74 -179.65 
 1749  -65.67  -22.06 -179.86 
 1752  -78.81  -12.41  179.94 
 1755  -95.84  138.58  179.77 
 1758  -62.42  -35.93 -178.96 
 1761 -140.40  125.01  178.95 
 1764 -139.95  134.73  179.31 
 1767 -151.04  140.43  178.94 
 1770 -154.85  101.39 -178.98 
 1773  -71.98  -34.80  179.78 
 1776 -145.40  145.79 -179.00 
 1779  -67.99  135.30 -179.18 
 1782 -119.22  149.52  178.33 
 1785 -131.35   88.25 -178.62 
 1788  -90.10  114.57  177.65 
 1791  -73.19  119.13 -177.45 
 1794 -122.44  149.55  175.51 
 1797  -99.73  106.07 -177.78 
 1800  -64.50  -24.50  178.36 
 1803  -68.09  -47.84  179.33 
 1806  -66.17  -42.76  179.06 
 1809  -64.57  -22.64  178.52 
 1812  -75.74  -43.50  179.37 
 1815  -58.40  -49.67  179.49 
 1818  -60.18  -43.41  179.17 
 1821  -71.32  -18.56  178.18 
 1824  -70.28  -20.04  179.53 
 1827  -82.99    5.16  179.18 
 1830 -102.85  147.36  178.63 
 1833  -90.94  152.55 -179.37 
 1836  -63.76  -11.21  178.60 
 1839 -110.99    7.30 -179.92 
 1842  -75.52  140.95  177.63 
 1845  -85.93  123.69 -178.69 
 1848 -108.75  124.36  178.45 
 1851 -113.07  141.58  178.28 
 1854 -123.53  125.75 -179.62 
 1857 -137.73  126.17 -179.17 
 1860 -132.87  142.69  179.40 
 1863  -95.41  146.42 -178.75 
 1866  -54.07  -56.40  179.93 
 1869  -85.14   22.11 -177.85 
 1872  -85.59  152.50 -179.53 
 1875 -108.83    4.55 -179.06 
 1878 -138.95  158.39  177.00 
 1881 -116.85  134.07 -178.93 
 1884 -103.87  117.71  179.22 
 1887 -109.38  121.32  179.76 
 1890 -119.45  122.62 -179.46 
 1893 -109.37  127.36  179.33 
 1896 -111.43  113.37  178.57 
 1899  -67.95  137.09 -179.29 
 1902  -28.42  -51.92 -178.66 
 1905  -79.98    1.20 -178.90 
 1908   72.38    8.85 -179.43 
 1911  -88.21  -18.06  179.18 
 1914 -132.72  131.39  179.15 
 1917 -136.33  133.61  179.60 
 1920 -120.82  135.31  179.56 
 1923 -126.67  118.77  179.79 
 1926 -117.03  144.84  179.22 
 1929 -126.32   93.85 -179.56 
 1932  -84.31  124.05  179.04 
 1935  -70.82  137.51  179.44 
 1938  -92.30  171.79 -178.61 
 1941 -143.70  162.92  178.47 
 1944  -84.78  136.85  179.37 
 1947 -136.28  144.43  177.52 
 1950 -105.33   78.63 -177.60 
 1953  -77.33  155.81  179.90 
 1956 -138.35  104.87 -178.66 
 1959 -105.42  143.51 -179.08 
 1962  -93.48  160.42  179.10 
 1965 -104.84   99.54 -179.32 
 1968 -107.03  103.99  179.88 
 1971  -78.91  153.79  178.98 
 1974  -58.58  133.54  179.73 
 1977 -127.74 -177.39  176.62 
 1980 -135.58   99.67 -178.23 
 1983  -70.63  160.33 -179.96 
 1986  -72.28  -35.90 -179.22 
 1989 -134.21  138.44  178.18 
 1992 -137.49  117.93 -179.19 
 1995 -111.59  120.15  174.39 
 1998 -100.82  136.96 -179.79 
 2001 -161.21  169.06  179.49 
 2004  -62.90  130.02 -179.81 
 2007  -67.11  -27.33  177.88 
 2010  -69.44  -38.18  179.99 
 2013  -66.78  -46.03  178.88 
 2016  -59.46  -45.29  179.83 
 2019  -56.90  -50.33  179.96 
 2022  -55.31  -56.75 -179.27 
 2025  -52.02  -45.68 -179.77 
 2028  -63.75  -46.66 -179.63 
 2031  -61.43  -47.61 -179.81 
 2034  -59.44  -59.51 -179.75 
 2037  -56.59  -16.01  178.15 
 2040  -70.43  -24.25  178.96 
 2043  -78.67  -30.40 -178.41 
 2046  -85.17  -36.09 -179.69 
 2049 -161.99 -175.96  179.58 
 2052  -94.31  -41.30 -178.90 
 2055 -106.29  159.33 -179.50 
 2058 -130.41  133.68  179.01 
 2061 -101.50  104.54  179.72 
 2064  -90.68  110.09  178.60 
 2067 -102.51  117.47  179.65 
 2070 -112.27  129.91  179.44 
 2073 -138.12  167.72 -177.12 
 2076  -44.39  -47.64 -177.93 
 2079  -94.83   -3.10  179.95 
 2082  178.52  168.22  179.22 
 2085 -124.46  138.12 -179.26 
 2088 -120.45  136.17  178.34 
 2091 -111.72  139.36 -179.31 
 2094 -139.87  146.09 -179.88 
 2097 -139.97  149.49 -178.45 
 2100 -133.90  141.26  179.84 
 2103 -155.58 -171.87 -179.62 
 2106  -69.05  -30.87 -179.95 
 2109  -77.40  -17.55 -179.91 
 2112  143.80 -150.77  179.66 
 2115 -136.33  150.72 -179.85 
 2118 -115.85  156.72 -177.67 
 2121 -155.55  109.71 -178.84 
 2124 -109.26  129.05 -178.89 
 2127 -118.32  117.39  178.55 
 2130 -101.82  126.91 -179.87 
 2133 -100.37  133.11  179.67 
 2136  -50.42  125.30 -178.57 
 2139  -94.23  143.95  178.44 
 2142 -111.73  134.41  178.55 
 2145   39.71   84.90  179.65 
 2148 -116.46  -79.82   49.34 
 2151 -128.13  -43.56  178.96 
 2154  -80.79  -14.38 -177.87 
 2157  -92.39    5.05 -178.35 
 2160  -90.26  151.74  177.53 
 2163 -124.60   94.97  179.70 
 2166 -107.80  145.13 -178.14 
 2169 -122.24  150.85  177.75 
 2172 -133.89  106.34 -177.98 
 2175 -127.78  130.41  178.00 
 2178  -96.01  -28.77  179.26 
 2181 -172.48  139.46 -179.90 
 2184  -48.51  144.59  179.16 
 2187 -139.43  159.80  179.35 
 2190 -156.14  111.78 -178.68 
 2193 -126.48  158.91  178.87 
 2196 -116.41  139.08 -179.66 
 2199 -141.21  158.73  178.52 
 2202  -83.12  115.75 -179.43 
 2205  -58.34  -31.72  179.51 
 2208  -56.60  -40.13  179.44 
 2211  -68.70  -49.39 -179.40 
 2214  -56.40  -33.08  179.26 
 2217  -73.81    0.19  177.07 
 2220  -96.37  -41.72  179.69 
 2223  -58.62  -45.36  179.67 
 2226  -57.71   -3.88  177.93 
 2229  -77.60   -9.70  178.69 
 2232  -95.92   12.26 -179.73 
 2235  -54.46  -45.20  179.41 
 2238  -60.95  -14.54  179.63 
 2241  -72.72  -30.20 -178.21 
 2244 -149.03  151.76  178.43 
 2247  -71.09  -32.19 -179.16 
 2250 -116.14  169.96  178.59 
 2253 -149.65  133.70 -179.91 
 2256 -114.70  131.46  179.28 
 2259 -108.75  130.43  178.99 
 2262 -118.49  127.75 -178.99 
 2265 -132.43  160.40  177.69 
 2268 -162.53  152.70 -178.67 
 2271  -60.66  142.75  177.33 
 2274   52.94   29.52  178.69 
 2277 -140.84  154.68 -179.98 
 2280  -58.52  136.13  178.66 
 2283  -68.77  153.30  177.82 
 2286 -129.22  110.19  178.59 
 2289 -103.22  116.20 -177.69 
 2292 -119.13  130.61  177.85 
 2295 -108.62  113.54  178.66 
 2298  -76.77  113.77  177.38 
 2301  -79.44   87.76 -178.28 
 2304  -29.73  123.02  178.11 
 2307   67.96  -16.22  179.37 
 2310  -89.65  -59.22 -179.00 
 2313  177.68 -111.02 -179.70 
 2316 -169.61  176.16  178.28 
 2319 -142.15  114.83 -179.56 
 2322 -111.40  142.24  178.84 
 2325 -123.45  124.66  178.17 
 2328 -107.89  140.59  179.47 
 2331 -134.17  117.27 -179.78 
 2334  -63.21  137.46 -179.04 
 2337  -75.01  171.08  177.55 
 2340 -100.44  122.94 -178.95 
 2343   78.54  128.23  179.94 
 2346  -83.36  123.58  178.48 
 2349  -89.63  169.21  178.54 
 2352 -121.15  150.84 -179.00 
 2355  -49.81  -35.22 -178.96 
 2358  -66.51  -12.87  179.12 
 2361  -78.66  -15.54 -177.54 
 2364 -109.49  -33.08 -178.95 
 2367 -119.43  159.71 -179.68 
 2370  -73.36  136.68  179.47 
 2373 -114.16  142.64  178.38 
 2376 -134.01  129.29 -179.27 
 2379  -89.89  143.75 -179.98 
 2382 -131.03  138.01  178.95 
 2385 -106.68  105.13 -179.62 
 2388  -86.97  124.97  178.83 
 2391 -118.49  104.85 -179.55 
 2394 -128.11  154.93  179.70 
 2397  -95.83  142.35  177.99 
 2400 -131.49  165.43  179.70 
 2403 -124.40  139.94  177.47 
 2406 -122.87  123.74  179.03 
 2409 -100.05  142.30  179.64 
 2412 -101.82  166.03  179.97 
 2415  -63.96  -19.61 -178.83 
 2418  -93.34   -0.02  177.48 
 2421   94.56   13.87  179.72 
 2424  -90.17  144.92  178.54 
 2427 -117.96  127.87  178.91 
 2430 -111.56  139.00  178.60 
 2433 -105.12  132.02 -179.17 
 2436 -127.31  150.30  176.38 
 2439 -100.96  122.19 -178.49 
 2442 -140.03  168.01  177.38 
 2445 -118.50  150.86 -179.29 
 2448  -58.14  -24.24 -179.18 
 2451  -85.26   -1.79  178.63 
 2454  -70.46  143.29  178.32 
 2457  -86.29  157.20  178.13 
 2460  -61.96  -39.75  178.20 
 2463  -59.97  -38.32  179.86 
 2466  -66.17  -40.05  179.21 
 2469  -62.94  -43.73  178.97 
 2472  -60.03  -39.96 -179.09 
 2475  -62.45  -37.85  178.94 
 2478  -65.72  -39.00  177.65 
 2481  -64.98  -39.98  179.78 
 2484  -60.08  -44.14 -178.84 
 2487  -60.35  -40.57 -177.63 
 2490  -81.71  -40.27 -174.81 
 2493 -110.77  -14.94  178.18 
 2496   82.42   11.15 -179.70 
 2499  -86.43  116.98  179.74 
 2502  -58.83  134.80 -179.47 
 2505  -49.36  -31.37 -178.39 
 2508  -71.03  -16.31 -179.45 
 2511  -99.98    1.78 -177.99 
 2514 -107.99  139.46  176.41 
 2517 -126.17  123.94 -179.07 
 2520 -105.71  130.08 -179.75 
 2523 -123.17  138.06  177.66 
 2526 -139.31  127.05 -179.83 
 2529   50.00   39.16  176.90 
 2532   82.04    0.03 -178.99 
 2535 -112.24  139.27  178.22 
 2538  -79.37  128.98 -178.97 
 2541  -86.93  136.53 -179.25 
 2544  -91.16  149.91 -177.67 
 2547  -68.83  -20.04 -179.15 
 2550  -94.04    3.48  179.52 
 2553 -110.10  165.94  179.72 
 2556 -107.55  167.35  178.41 
 2559  -59.95  -42.94 -178.39 
 2562  -61.87  -30.31 -179.64 
 2565  -62.07  -29.02 -179.93 
 2568  -99.89   13.81 -179.95 
 2571   50.07   39.98  178.16 
 2574  -81.04  121.54 -177.09 
 2577 -107.49  169.13 -178.54 
 2580  -51.14  141.22 -179.05 
 2583   66.74   23.35  176.02 
 2586  -76.83  148.70  179.49 
 2589 -112.83  124.04  177.44 
 2592 -105.17  157.41  179.10 
 2595 -112.25  134.08 -179.72 
 2598 -106.16  132.70  178.80 
 2601 -120.71  144.83 -179.19 
 2604 -109.86  139.99 -179.93 
 2607 -119.20  130.11  179.97 
 2610 -120.04  128.74  179.55 
 2613  -69.79  -39.88  179.96 
 2616  -89.89 -179.96 -179.95 
 2619  167.06  154.93  179.70 
 2622  -95.83  142.35  177.99 
 2625 -131.49  165.43  179.70 
 2628 -124.40  139.94  177.47 
 2631 -122.87  123.74  179.03 
 2634 -100.05  142.30  179.64 
 2637 -101.82  166.03  179.97 
 2640  -63.96  -19.61 -178.83 
 2643  -93.34   -0.02  177.48 
 2646   94.56   13.87  179.72 
 2649  -90.17  144.92  178.54 
 2652 -117.96  127.87  178.91 
 2655 -111.56  139.00  178.60 
 2658 -105.12  132.02 -179.17 
 2661 -127.31  150.30  176.38 
 2664 -100.96  122.19 -178.49 
 2667 -140.03  168.01  177.38 
 2670 -118.50  150.86 -179.29 
 2673  -58.14  -24.24 -179.18 
 2676  -85.26   -1.79  178.63 
 2679  -70.46  143.29  178.32 
 2682  -86.29  157.20  178.13 
 2685  -61.96  -39.75  178.20 
 2688  -59.97  -38.32  179.86 
 2691  -66.17  -40.05  179.21 
 2694  -62.94  -43.73  178.97 
 2697  -60.03  -39.96 -179.09 
 2700  -62.45  -37.85  178.94 
 2703  -65.72  -39.00  177.65 
 2706  -64.98  -39.98  179.78 
 2709  -60.08  -44.14 -178.84 
 2712  -60.35  -40.57 -177.63 
 2715  -81.71  -40.27 -174.81 
 2718 -110.77  -14.94  178.18 
 2721   82.42   11.15 -179.70 
 2724  -86.43  116.98  179.74 
 2727  -58.83  134.80 -179.47 
 2730  -49.36  -31.37 -178.39 
 2733  -71.03  -16.31 -179.45 
 2736  -99.98    1.78 -177.99 
 2739 -107.99  139.46  176.41 
 2742 -126.17  123.94 -179.07 
 2745 -105.71  130.08 -179.75 
 2748 -123.17  138.06  177.66 
 2751 -139.31  127.05 -179.83 
 2754   50.00   39.16  176.90 
 2757   82.04    0.03 -178.99 
 2760 -112.24  139.27  178.22 
 2763  -79.37  128.98 -178.97 
 2766  -86.93  136.53 -179.25 
 2769  -91.16  149.91 -177.67 
 2772  -68.83  -20.04 -179.15 
 2775  -94.04    3.48  179.52 
 2778 -110.10  165.94  179.72 
 2781 -107.55  167.35  178.41 
 2784  -59.95  -42.94 -178.39 
 2787  -61.87  -30.31 -179.64 
 2790  -62.07  -29.02 -179.93 
 2793  -99.89   13.81 -179.95 
 2796   50.07   39.98  178.16 
 2799  -81.04  121.54 -177.09 
 2802 -107.49  169.13 -178.54 
 2805  -51.14  141.22 -179.05 
 2808   66.74   23.35  176.02 
 2811  -76.83  148.70  179.49 
 2814 -112.83  124.04  177.44 
 2817 -105.17  157.41  179.10 
 2820 -112.25  134.08 -179.72 
 2823 -106.16  132.70  178.80 
 2826 -120.71  144.83 -179.19 
 2829 -109.86  139.99 -179.93 
 2832 -119.20  130.11  179.97 
 2835 -120.04  128.74  179.55 
 2838  -69.79  -39.88  179.96 
 2841  -89.89 -179.96 -179.95 
 2844  167.06  -61.37 -179.05 
 2847  -56.27  -50.34  178.21 
 2850  -71.30  -27.07  172.44 
 2853  -68.32  -48.04 -175.88 
 2856  -66.20  -27.21  179.47 
 2859  -68.32  -18.87 -178.12 
 2862  -86.59  -16.68 -177.38 
 2865  -76.99  154.45  172.82 
 2868  -48.46  138.86 -174.71 
 2871  -55.50  139.22  173.52 
 2874  -93.80  162.51  173.12 
 2877  -48.52  120.52 -174.82 
 2880 -108.21  124.99 -177.02 
 2883  -61.67  -34.10  177.65 
 2886  -53.09  -46.49  178.42 
 2889  -61.41  -35.80 -179.87 
 2892  -74.48  -32.66 -178.10 
 2895  -77.16  -42.29  177.37 
 2898  -73.56  125.23  170.71 
 2901  -61.40  -58.76 -178.09 
 2904  -77.99  126.32  173.23 
 2907  -78.73 -174.85 -178.27 
 2910  -60.42  -43.71 -179.68 
 2913  -60.12  -49.71  177.99 
 2916  -63.21  -40.33  175.41 
 2919  -60.39  -39.64 -178.90 
 2922  -65.85  -37.82  177.19 
 2925  -60.44  -50.61 -178.47 
 2928  -61.70  -40.00  178.64 
 2931  -64.01  -41.12  179.53 
 2934  -60.24  -40.20  176.68 
 2937  -66.62  -30.02  179.83 
 2940  -82.31  -24.00  178.58 
 2943   92.24   28.86  176.84 
 2946 -117.77  144.57  178.60 
 2949  -74.85  -47.92  179.43 
 2952 -126.49  157.58  174.66 
 2955  -60.97  -36.34  176.99 
 2958  -54.23  -39.99  177.75 
 2961  -63.20  -47.69  178.58 
 2964  -58.92  -49.62  179.57 
 2967  -59.26  -34.77  178.03 
 2970  -65.61  -29.12  177.58 
 2973  -86.30  -33.45 -178.19 
 2976  -72.94  -36.57 -176.97 
 2979 -105.66  122.26  178.62 
 2982  -60.84  126.29 -175.35 
 2985  -54.14  -31.72  179.88 
 2988  -57.73  -29.08 -179.23 
 2991 -115.97   -3.71 -179.27 
 2994  -61.16  120.94  175.78 
 2997  -61.36  119.17 -167.84 
 3000  -83.89    5.51 -177.11 
 3003 -147.71  179.41  174.08 
 3006  -78.48  143.69  172.60 
 3009  -59.00  138.86  177.02 
 3012  -87.06   82.04 -179.37 
 3015 -131.18  158.32  178.69 
 3018  -59.85  137.54  175.94 
 3021  -49.39  146.21 -176.61 
 3024  -59.13  146.36  173.16 
 3027 -116.66  161.63  171.93 
 3030  -68.08  162.27  174.76 
 3033  -55.09  -44.74 -178.03 
 3036  -64.99  -39.72 -178.43 
 3039  -72.64  -41.34  177.05 
 3042  -63.22  -45.36  176.02 
 3045  -55.73  -48.80  178.60 
 3048  -59.72  -39.87  178.38 
 3051  -67.93  -43.60  179.69 
 3054  -68.07  -33.33  176.05 
 3057  -61.25  -39.33  180.00 
 3060  -71.97  -31.81  174.37 
 3063  -67.30  -49.86  178.30 
 3066  -57.17  -34.20 -177.86 
 3069  -64.87  -13.33  178.51 
 3072  -84.17  -15.91  168.89 
 3075  -74.34  153.57  176.29 
 3078 -120.10  126.35  178.60 
 3081  -88.25   99.36  177.78 
 3084  -90.06  167.60  165.04 
 3087  -85.80  100.38 -176.59 
 3090  -93.62  115.22  176.11 
 3093 -108.08   37.52 -172.69 
 3096  -74.93  -36.45 -178.42 
 3099   75.52 -128.46  177.34 
 3102   59.39   35.44  175.00 
 3105   94.39    3.39  176.86 
 3108 -137.90  129.53 -172.79 
 3111 -140.88  131.91  179.70 
 3114  -60.61  146.48 -173.56 
 3117 -147.18  163.68 -179.48 
 3120 -106.69  111.50  173.28 
 3123  -76.99  115.48  177.59 
 3126  -54.53  126.79 -176.96 
 3129  -48.52  -41.22 -179.42 
 3132  -60.03  -34.53  175.42 
 3135  -73.60  -40.15  179.59 
 3138  -61.61  -47.25 -176.86 
 3141  -71.95  -44.68 -168.45 
 3144  -97.35   -3.07  170.62 
 3147 -120.47  -67.58 -174.40 
 3150  -60.53  -31.18 -179.94 
 3153 -109.00   30.72 -176.43 
 3156 -125.83  108.63 -177.67 
 3159  -58.54  -20.93  176.26 
 3162  -61.93  -25.45 -179.86 
 3165 -100.19  -29.79 -174.32 
 3168 -102.87   -2.94 -174.62 
 3171  -94.99  -20.75  178.61 
 3174  -74.97  169.18  175.73 
 3177 -111.23 -154.37 -177.97 
 3180  -53.79  140.88  177.06 
 3183  -71.99   57.00  172.68 
 3186  -51.91  -47.42 -175.54 
 3189 -101.52   87.12 -165.22 
 3192  -65.00  -28.04 -177.57 
 3195  -61.79  -26.65  179.52 
 3198 -111.40   27.18  177.88 
 3201 -138.89   23.52 -174.46 
 3204  -65.04  -25.59 -178.24 
 3207  -67.24  -57.61  178.94 
 3210  -69.98  -27.84  174.30 
 3213  -63.34  -37.79  176.82 
 3216  -65.36  -40.99  178.54 
 3219  -65.11  -37.70  174.74 
 3222  -66.40  -38.84  174.29 
 3225  -60.06  -40.05  173.79 
 3228  -60.46  -42.69  176.35 
 3231  -56.10  -48.66 -179.07 
 3234  -61.96  -42.21  179.01 
 3237  -63.57  -44.26  178.38 
 3240  -58.20  -45.22  179.64 
 3243  -65.91  -44.94  175.02 
 3246  -56.82  -51.26  179.09 
 3249  -57.67  -48.36 -175.52 
 3252  -69.54  -41.38 -176.85 
 3255  -81.44  -19.40 -174.50 
 3258   71.18   16.94  177.69 
 3261 -108.20  153.26 -166.14 
 3264  -80.93  -25.83 -173.22 
 3267 -124.80  131.09  176.61 
 3270 -136.28  139.05  179.91 
 3273  -88.58 -174.05 -170.07 
 3276  -85.87   -1.13  170.91 
 3279  126.12  155.99  176.56 
 3282 -122.63 -176.22 -165.78 
 3285  -67.62  -51.23 -179.89 
 3288 -163.92  174.44 -173.18 
 3291  -58.93  -51.56 -178.35 
 3294  -58.78  -44.52  178.61 
 3297  -68.87  -34.63  174.63 
 3300  -59.17  -44.28  176.79 
 3303  -61.11  -39.76  177.13 
 3306  -66.02  -33.83  174.53 
 3309  -65.22  -34.07  178.17 
 3312  -68.00  -38.18  176.09 
 3315  -59.86  -45.81 -179.60 
 3318  -63.80  -46.25  177.95 
 3321  -57.99  -46.28 -179.93 
 3324  -58.86  -41.43  178.44 
 3327  -61.88  -41.40 -177.64 
 3330  -65.53  -29.65 -178.70 
 3333  -79.85  -36.82 -178.47 
 3336  -62.06  157.98  174.21 
 3339 -131.46   15.71 -179.82 
 3342  -94.49  174.78  176.93 
 3345  -80.58    9.59 -176.58 
 3348  -71.51  138.02  174.98 
 3351 -131.59   18.06 -178.93 
 3354 -112.71  143.64  175.67 
 3357 -123.05  125.04 -177.92 
 3360  -86.75  129.38  172.21 
 3363 -120.36  124.52  179.76 
 3366  -62.67  138.91 -179.52 
 3369  -66.23  -15.26  176.67 
 3372 -102.17   22.88  163.98 
 3375  -71.28  161.35  174.63 
 3378  -56.43  138.09 -172.93 
 3381  -61.58  -35.34  179.14 
 3384  -68.85  -29.12  175.82 
 3387  -64.86  -43.23  179.93 
 3390  -63.29  -39.58 -179.68 
 3393  -64.78  -41.22  179.45 
 3396  -65.09  -42.10  176.84 
 3399  -63.38  -43.87  178.95 
 3402  -60.82  -39.80 -177.73 
 3405  -66.77  -37.90  177.60 
 3408  -73.86  -30.35 -177.19 
 3411  -76.20  -32.57 -172.24 
 3414  -56.13  -54.36 -178.80 
 3417  -69.17  -13.60 -177.99 
 3420  -93.00   -6.64 -179.99 
 3423   73.36   16.49  178.11 
 3426  -79.53  131.31  176.75 
 3429  -81.87  118.00  175.96 
 3432  -93.47  117.36  176.69 
 3435  -99.62  109.41  178.73 
 3438  -95.40  114.67 -170.59 
 3441 -153.40 -176.21 -175.23 
 3444  -94.81  120.84 -178.65 
 3447  -64.21  -27.78  177.55 
 3450  -60.53  -36.38 -170.59 
 3453 -118.61   -5.66 -178.52 
 3456  -50.80  125.26 -170.13 
 3459  -81.01  -20.44 -169.35 
 3462   59.37   24.32  175.20 
 3465  -80.08  -13.76  170.80 
 3468 -104.04  131.28 -179.85 
 3471  -67.11  127.43  176.24 
 3474 -120.82  150.70  174.68 
 3477  -99.20  -10.83 -179.02 
 3480 -165.56  161.24  177.17 
 3483 -142.29  141.91  179.61 
 3486 -117.62  125.49 -178.70 
 3489 -123.31  148.10 -176.98 
 3492 -106.54  128.82 -170.12 
 3495 -135.41  105.07   -7.52 
 3498  -67.92  165.90 -175.65 
 3501  -70.34  172.52 -173.71 
 3504  -65.16  -24.95  179.26 
 3507  -95.16    8.62  173.94 
 3510   96.38  -10.81 -175.17 
 3513  -65.80  130.56  175.46 
 3516  -98.31  121.60 -179.49 
 3519 -119.76  153.23  173.05 
 3522  -90.01  112.74 -172.33 
 3525  -95.76    4.93 -173.64 
 3528  -58.41  -43.57 -177.87 
 3531  -71.34  -34.67  174.35 
 3534  -62.85  -48.03  179.90 
 3537  -57.21  -42.07 -179.07 
 3540  -68.22  -39.32  178.19 
 3543  -68.34  -41.59  178.04 
 3546  -59.45  -41.63  177.59 
 3549  -65.19  -40.44  177.50 
 3552  -70.11  -13.18  171.01 
 3555 -102.72   17.25  171.92 
 3558   64.26   24.53  177.75 
 3561 -102.17  146.03  170.99 
 3564  -84.97  144.60  178.75 
 3567 -113.25  129.61  177.92 
 3570 -110.44  131.63  171.04 
 3573 -104.00  123.66  166.59 
 3576  -84.79  105.40 -168.87 
 3579 -122.02  125.87  176.28 
 3582  -62.76  118.49 -171.93 
 3585  -70.96  -24.12  175.57 
 3588  -71.21  -39.34  178.10 
 3591  -61.58  -30.08 -179.58 
 3594  -69.04   -7.22  171.42 
 3597  -72.60  -18.56 -176.77 
 3600 -117.15  -33.74 -173.06 
 3603  -97.65  145.54  175.04 
 3606  -54.37  127.03 -171.32 
 3609  -81.21  159.35 -179.56 
 3612  -47.82  -46.15  176.48 
 3615  -50.49  -45.60 -175.06 
 3618  -80.35  -19.38  175.70 
 3621  -80.94  -12.83 -179.02 
 3624   98.89    5.30 -179.17 
 3627  -64.37  154.61 -177.70 
 3630  -96.14  -27.34 -178.30 
 3633 -141.27  146.07  171.00 
 3636 -128.02  137.00  172.95 
 3639 -132.87  164.46  172.96 
 3642  171.86 -179.79  177.24 
 3645  -96.66  142.89  169.75 
 3648 -100.87   15.15  177.76 
 3651  -49.09  -41.96 -178.69 
 3654  -65.52   -9.17  176.52 
 3657  -89.68   56.98  170.90 
 3660   76.90   23.12  177.84 
 3663 -102.47  131.26  179.61 
 3666  -54.01  142.22  173.12 
 3669  -46.73  -45.30  172.93 
 3672   63.46   17.22 -173.28 
 3675   49.57   36.93  174.87 
 3678  132.17  -31.69 -176.90 
 3681  173.45 -179.34    5.81 
 3684  -86.18  148.50  175.08 
 3687 -141.09  146.55  177.52 
 3690  -87.10  124.47  172.96 
 3693  -90.24  154.61  177.88 
 3696 -107.90  161.19  178.64 
 3699 -150.20  119.13 -177.92 
 3702 -133.54  149.19  177.91 
 3705 -154.48 -176.03 -179.46 
 3708  -76.43  153.09  178.44 
 3711  -57.05  -29.98  179.39 
 3714  -64.19  -17.89 -176.55 
 3717 -111.42   16.25 -171.76 
 3720  -65.43  -29.00 -178.84 
 3723  -73.93  -17.62 -177.43 
 3726  -99.35    1.37  179.98 
 3729  -56.67  126.38  178.00 
 3732  -78.69  159.36  173.76 
 3735   75.01 -150.27 -168.29 
 3738 -113.00  147.64 -178.01 
 3741 -147.20  132.12 -177.39 
 3744  -81.19  131.42  175.67 
 3747 -120.61  156.10 -179.86 
 3750  -93.94  123.72 -178.64 
 3753 -127.08 -163.10  178.99 
 3756 -128.24  145.27  173.97 
 3759  -91.63 -177.63 -178.40 
 3762  -63.57  -15.37  179.43 
 3765  -97.84    4.00 -179.66 
 3768   82.42    4.17  179.06 
 3771  -85.41  153.24  178.87 
 3774  -62.19  139.29  177.83 
 3777 -148.99  150.29 -177.37 
 3780 -102.88  155.89  174.02 
 3783 -147.75  154.50 -177.40 
 3786  -98.04  100.98 -175.09 
 3789  -75.27  166.40  179.33 
 3792 -115.01  159.70  171.12 
 3795  -63.52  123.96  177.44 
 3798  -64.34  142.19 -175.72 
 3801  -75.33  119.61  179.85 
 3804 -104.38  137.28  172.19 
 3807 -101.74  117.59  177.98 
 3810 -167.63  153.84 -174.96 
 3813  -59.11  -20.98 -177.62 
 3816  -97.41   10.70 -177.79 
 3819  -61.34  -28.52 -176.94 
 3822  -64.83  -14.46  176.24 
 3825 -123.20   -7.66 -179.08 
 3828 -101.40    9.75 -173.26 
 3831  -73.95  145.58  171.93 
 3834 -128.33  148.07 -178.11 
 3837 -115.42   12.91 -173.95 
 3840  -91.40  124.69 -178.72 
 3843 -116.32    0.12 -175.28 
 3846 -117.56  174.25  169.86 
 3849 -132.05  157.39  174.86 
 3852  -77.98   65.63 -167.69 
 3855  -54.28  -54.87 -176.62 
 3858  -56.87  -38.18 -176.60 
 3861  -80.11  -27.87  175.57 
 3864  -72.56  -36.48  174.86 
 3867  -60.92  -46.08 -179.90 
 3870  -61.80  -43.30 -178.52 
 3873  -68.55  -39.95  178.56 
 3876  -66.06  -37.49  179.35 
 3879  -69.48  -30.78  170.71 
 3882  -57.45  -45.30  177.30 
 3885  -67.08  -38.91  176.83 
 3888  -62.28  -41.93 -172.96 
 3891  -76.03  -34.79 -177.09 
 3894  -88.88  -33.90 -178.20 
 3897   75.26  172.03  178.91 
 3900  -62.85  -36.44 -177.99 
 3903  -71.59  -42.46  176.71 
 3906  -62.50  -43.66  179.82 
 3909  -63.84  -46.28 -179.00 
 3912  -62.10  -38.90  178.08 
 3915  -64.24  -36.90  173.54 
 3918  -59.99  -51.21  178.82 
 3921  -61.76  -44.16 -178.27 
 3924  -62.23  -42.55 -179.63 
 3927  -65.79  -40.76  174.06 
 3930  -57.85  -48.41 -179.44 
 3933  -61.14  -43.62 -177.11 
 3936  -64.96  -41.31  175.22 
 3939  -63.67  -37.85  178.42 
 3942  -67.00  -42.36  176.71 
 3945  -62.39  -45.03  176.47 
 3948  -57.50  -46.00  176.31 
 3951  -55.17  -48.68 -178.57 
 3954  -58.99  -42.97 -177.85 
 3957  -63.61  -45.76  178.56 
 3960  -63.88  -40.69  178.43 
 3963  -63.16  -39.20  176.29 
 3966  -64.79  -37.46  179.16 
 3969  -68.65  -17.33  174.71 
 3972  -97.92   13.71  176.82 
 3975   64.68   32.80  165.66 
 3978  -91.35  155.51  174.86 
 3981 -100.24  141.71  179.14 
 3984 -111.32  136.14 -169.03 
 3987 -108.81   -7.18  175.16 
 3990  -91.17  119.34  173.42 
 3993  -60.94  -42.90  179.34 
 3996 -135.35  150.98 -176.83 
 3999 -159.84  163.97  171.59 
 4002 -104.33  -73.20 -172.58 
 4005 -124.06    1.39 -169.86 
 4008 -129.65  126.39  179.05 
 4011 -106.32  147.01  173.70 
 4014 -110.91  106.71 -171.61 
 4017 -106.10  120.44  174.55 
 4020  -82.63  126.88 -171.04 
 4023 -122.43  -19.64 -172.17 
 4026  102.37  119.99 -168.49 
 4029  -61.48  -13.68  174.05 
 4032  -84.21  -25.36 -170.94 
 4035  -96.40  -21.42 -174.79 
 4038  -54.12  -52.48  177.55 
 4041  -65.47  -28.70  175.18 
 4044  -65.88  -38.65  179.33 
 4047  -68.51  -41.39  179.44 
 4050  -65.20  -37.82 -179.71 
 4053  -71.06  -38.35  178.09 
 4056  -68.10  -36.12  176.29 
 4059  -62.53  -45.55  178.69 
 4062  -59.41  -34.39  175.40 
 4065  -59.18  -23.28  176.61 
 4068 -102.55    9.31 -178.43 
 4071   74.74   35.37 -178.52 
 4074 -125.05  130.06  172.64 
 4077 -103.39  128.53  170.32 
 4080 -108.61  170.80 -179.72 
 4083  -95.88  118.94  175.01 
 4086  -73.76  116.76 -177.63 
 4089  -90.28 -102.46  166.09 
 4092 -109.61  163.89  176.59 
 4095  -53.37  136.27 -175.99 
 4098   84.85   -0.11  179.20 
 4101 -137.34  138.68  174.03 
 4104 -130.24  148.65  178.21 
 4107 -107.83  147.28  174.27 
 4110 -134.49  124.14  175.08 
 4113 -114.96  122.16  177.15 
 4116  -89.48  166.34 -173.68 
 4119 -153.61 -177.00 -174.34 
 4122  -61.78  -24.13 -177.62 
 4125  -80.63  -10.07 -170.40 
 4128  -75.03  131.24  177.74 
 4131 -115.26  173.18  177.46 
 4134  -63.31  -30.84  174.13 
 4137  -62.54  -40.97  177.26 
 4140  -63.54  -40.42 -179.67 
 4143  -61.16  -39.97  178.60 
 4146  -65.30  -38.83  178.08 
 4149  -61.69  -43.62  177.34 
 4152  -59.90  -49.23  177.85 
 4155  -56.78  -46.66 -177.93 
 4158  -65.90  -36.48  175.97 
 4161  -60.89  -47.07 -179.47 
 4164  -72.14  -30.29  179.20 
 4167  -77.69  -25.14 -178.84 
 4170   79.77   11.58  179.42 
 4173 -161.75  162.12 -173.54 
 4176  -88.50  -20.86  173.68 
 4179  -88.60  124.25 -175.55 
 4182 -103.98  150.94  178.40 
 4185  -79.87    9.23  174.28 
 4188 -141.97  157.91  165.98 
 4191  -96.52  134.39  177.37 
 4194  -41.80  -48.35 -173.96 
 4197  -68.44  -31.22  178.86 
 4200  -62.91  -27.20 -177.91 
 4203  -71.83  -16.83 -172.96 
 4206  -59.64  -33.99 -179.67 
 4209  -61.25  -26.69  179.71 
 4212  -84.98  -12.29 -177.63 
 4215  -69.11  129.92  170.98 
 4218 -153.97  163.05  176.92 
 4221  -49.34  125.14 -173.79 
 4224 -111.73   32.64  167.46 
 4227 -132.22  155.84 -167.49 
 4230  -71.25  160.90  179.96 
 4233  -59.80  -39.60 -177.16 
 4236  -74.67   -0.59  172.21 
 4239 -119.14   10.00  177.38 
 4242  -83.25  111.71 -172.82 
 4245  -66.63  138.41  176.77 
 4248 -115.32  -28.10 -179.11 
 4251  -66.26  150.10 -175.62 
 4254  -92.00  165.61 -178.31 
 4257 -153.41  156.73  178.67 
 4260   56.76   41.83 -179.61 
 4263  -84.37  -17.17  178.94 
 4266  -60.08  149.55 -174.52 
 4269  -52.00  -39.20 -175.90 
 4272  -57.80  -28.41  179.77 
 4275  -90.71    1.13 -179.68 
 4278 -115.38  -16.14 -166.85 
 4281 -107.36   -3.33 -178.78 
 4284 -119.81   53.01 -176.50 
 4287  -95.51  -13.40  172.95 
 4290  -85.44  153.64 -178.35 
 4293  -63.73  -38.57  179.83 
 4296  -60.74  -43.33   -5.37 
 4299 -172.06 -157.90  111.23 
 4302  -66.70 -121.84  -48.51 
 4305  -68.28  -40.64  179.22 
 4308  -56.02  -44.54 -178.79 
 4311  -72.13  -37.42  174.52 
 4314  -59.22  -48.59  177.99 
 4317  -58.63  -44.18 -178.33 
 4320  -63.41  -42.78  178.23 
 4323  -61.28  -45.18  177.24 
 4326  -63.38  -47.42  178.85 
 4329  -57.79  -38.04  152.42 
 4332  124.47 -141.61  -54.31 
 4335  136.26 -138.53 -160.71 
 4338  -72.18  -18.38 -167.52 
 4341 -106.80  135.54  176.68 
 4344  -88.81  117.94  179.58 
 4347 -124.18 -175.13 -172.95 
 4350  -69.32  -10.44  175.98 
 4353  -82.88   -0.70  174.36 
 4356 -105.67  -55.97 -178.65 
 4359 -160.54  170.17  179.51 
 4362  -61.65  137.86  174.60 
 4365 -116.36   87.67 -166.66 
 4368  -81.29   53.64 -175.78 
 4371  -69.31  109.96  175.08 
 4374  -55.02  138.22  179.54 
 4377   70.03    4.67 -179.77 
 4380 -112.96  -16.09  179.49 
 4383   47.72   68.92 -178.74 
 4386  -81.40   66.63 -176.52 
 4389  -93.60 -173.42 -175.14 
 4392  -67.82  128.45  166.41 
 4395 -100.15   89.65 -168.61 
 4398  -70.50  146.42 -179.11 
 4401  -56.13  -45.00 -179.26 
 4404  -62.48  -31.21  175.42 
 4407  -69.16  -38.67 -174.46 
 4410  -78.31  -32.31 -173.85 
 4413  -50.10  -49.11 -175.81 
 4416  -66.17  -18.37  179.35 
 4419  -53.99  -38.21 -178.52 
 4422  -97.83   14.34  167.02 
 4425  -72.17  133.30 -179.64 
 4428  -60.82  -27.91  177.17 
 4431  -62.45  -21.17  173.07 
 4434 -106.99  -39.29 -170.61 
 4437  -82.09  -23.78 -171.11 
 4440 -108.85   21.36  179.93 
 4443  -99.71  132.15  177.58 
 4446  -74.07  137.59 -178.14 
 4449  -61.27  -23.13 -177.80 
 4452 -107.05   18.43  171.98 
 4455  -60.65  148.46  176.83 
 4458  -57.45  147.86 -176.29 
 4461  -58.04  -29.89  178.08 
 4464  -60.08  -18.29 -175.55 
 4467 -107.06    0.38 -173.22 
 4470 -124.17   30.64 -176.55 
 4473  -63.20  -30.98  178.25 
 4476  -65.76  -49.46  173.98 
 4479  -57.18  -40.52  179.93 
 4482  -61.43  -38.35  176.88 
 4485  -66.55  -49.46  176.93 
 4488  -51.99  -48.27  178.42 
 4491  -61.33  -51.25 -179.60 
 4494  -54.55  -45.18 -178.45 
 4497  -69.79  -47.95  178.79 
 4500  -58.36  -45.20  176.32 
 4503  -58.67  -43.15 -179.70 
 4506  -67.14  -43.72 -179.45 
 4509  -65.09  -48.44  178.39 
 4512  -64.97  -32.59  177.39 
 4515  -65.26  -36.97 -179.38 
 4518  -75.17  -40.83  176.90 
 4521  -61.75  -38.46 -176.25 
 4524  -90.71  -27.76 -176.91 
 4527   89.33    5.74  178.63 
 4530  -84.29  155.89 -173.70 
 4533  -85.05  -20.38 -177.17 
 4536 -150.18  151.71 -177.42 
 4539 -132.16  135.41  166.98 
 4542 -107.52  123.39  179.88 
 4545  -89.69    9.36 -172.70 
 4548  -76.30  -46.62 -171.74 
 4551  -56.80  125.74 -169.91 
 4554 -101.79   32.49  174.99 
 4557 -167.14  161.00  171.51 
 4560  -57.64  -46.90 -179.08 
 4563  -62.61  -33.28  177.32 
 4566  -69.89  -35.69  175.12 
 4569  -58.39  -46.72 -179.60 
 4572  -59.47  -47.49 -176.24 
 4575  -63.55  -46.85  176.22 
 4578  -60.26  -43.51  179.74 
 4581  -61.06  -40.13  177.65 
 4584  -72.70  -35.70  177.20 
 4587  -60.84  -41.47  178.80 
 4590  -64.46  -41.65  177.40 
 4593  -63.61  -42.69  178.70 
 4596  -60.74  -47.07  179.81 
 4599  -60.57  -36.74  176.53 
 4602  -58.56  -48.93 -178.95 
 4605  -65.66  -36.96  175.78 
 4608  -60.90  -40.89 -178.84 
 4611  -65.97   -8.42  177.33 
 4614 -115.54   15.93  177.99 
 4617   67.82   30.76 -174.75 
 4620 -120.00   57.48 -177.46 
 4623  -60.21  -10.37  179.64 
 4626  -90.51   -4.61  174.15 
 4629  -80.12   96.42 -177.48 
 4632 -134.69    4.11  176.93 
 4635  -79.82  126.28  176.29 
 4638 -115.38  113.29  177.30 
 4641  -77.24  130.87  179.27 
 4644 -140.08  123.17  176.05 
 4647  -56.13  136.61 -174.99 
 4650  -61.64  -15.72  178.16 
 4653  -86.44   -0.57 -175.91 
 4656  -62.46  147.82  169.47 
 4659  -60.56  140.81 -170.71 
 4662  -63.41  -16.41  175.67 
 4665  -66.74  -28.03  178.41 
 4668  -58.67  -59.52  177.72 
 4671  -66.05  -30.44  173.94 
 4674  -56.13  -50.65 -179.37 
 4677  -59.53  -39.59  179.69 
 4680  -63.87  -47.49  175.95 
 4683  -58.53  -43.15  176.61 
 4686  -60.98  -23.47  179.44 
 4689  -93.61   16.47  179.09 
 4692   69.14   13.07  177.89 
 4695  -86.60  154.97  174.56 
 4698 -105.49  119.67 -174.91 
 4701  -77.11  130.83  171.50 
 4704 -118.13  115.03 -175.94 
 4707  -68.36  137.67  173.98 
 4710 -112.00  135.79 -170.45 
 4713  -80.77  153.24  173.45 
 4716  -89.10  161.04  175.45 
 4719  -64.24 -177.69  165.68 
 4722  -93.25   -8.09  173.92 
 4725 -106.96   15.52  174.41 
 4728   71.32   16.54  173.05 
 4731 -101.44  172.42  178.37 
 4734  -72.95  133.81 -177.65 
 4737  -87.27  103.07 -178.24 
 4740  -58.14  -35.40 -175.95 
 4743  -73.78  -36.26  173.66 
 4746  -68.47  -35.42  177.47 
 4749  -60.91  -53.75  176.97 
 4752  -58.74  -50.80  178.55 
 4755  -53.95  -41.36  178.55 
 4758  -82.50  -27.75  174.44 
 4761  -71.85  -16.88  175.60 
 4764  -92.49  -56.21  178.91 
 4767  -44.42  -44.82 -178.26 
 4770 -106.68   11.60 -174.31 
 4773  -44.52  -34.10 -179.32 
 4776 -101.15    5.92  177.42 
 4779 -118.02    7.91 -167.83 
 4782  -81.45  118.72  179.06 
 4785  -98.17  -47.29 -168.31 
 4788 -153.39  156.93  160.07 
 4791 -122.82  127.83  173.97 
 4794  -98.36  123.94 -176.67 
 4797 -134.75  151.95  174.06 
 4800 -112.95  135.81  178.28 
 4803 -133.33  127.56   -7.13 
 4806  -62.14  167.35 -172.38 
 4809  -54.01  165.99  176.30 
 4812  -62.91  -22.45  175.74 
 4815  -80.27    3.05 -179.77 
 4818   77.77   21.02 -176.67 
 4821 -101.40  127.54  167.19 
 4824  -72.56   75.03  178.86 
 4827  -62.94  111.78 -178.12 
 4830  -74.95    0.67  176.59 
 4833  -91.39    7.08 -171.12 
 4836  -60.03  -42.34 -178.69 
 4839  -65.99  -34.30 -178.24 
 4842  -73.23  -38.24  175.52 
 4845  -59.09  -45.60  175.24 
 4848  -60.77  -51.62  178.90 
 4851  -53.45  -32.32  178.32 
 4854  -69.38  -54.34 -177.02 
 4857  -56.32  -41.45  178.95 
 4860  -62.73  -39.57 -179.76 
 4863  -55.72  -31.00 -178.88 
 4866 -103.97   15.34  171.39 
 4869   94.35   -9.37 -176.43 
 4872  -80.76  166.31  174.59 
 4875 -107.36  159.03 -179.40 
 4878 -110.41  126.47  175.86 
 4881 -113.05  130.11  174.98 
 4884 -107.39  124.34  172.08 
 4887  -73.27  130.91 -172.09 
 4890  -91.17   18.50 -175.49 
 4893  -56.36  -38.64 -174.66 
 4896 -102.92   26.09 -175.80 
 4899  -68.47  -15.80  175.89 
 4902  -68.15  -13.67  175.45 
 4905  -91.80   -3.86 -171.49 
 4908 -109.38  -34.09 -167.77 
 4911  -53.49  113.24  177.42 
 4914   90.00  -11.59 -177.08 
 4917 -105.83  -30.60  173.04 
 4920 -163.06  159.81 -175.79 
 4923 -127.79  128.72 -177.91 
 4926  -53.10  -46.12 -179.97 
 4929  -60.98  -32.25 -177.35 
 4932  -70.18  -32.74 -178.09 
 4935  -90.51   -4.99  173.09 
 4938  126.76   -1.57  175.15 
 4941  -68.06  140.01  177.96 
 4944  -98.05  -18.81  179.31 
 4947 -160.54  145.85  172.08 
 4950 -142.88  167.19  161.94 
 4953 -116.44  155.81  176.42 
 4956 -113.77  146.97  172.28 
 4959 -102.12   97.00 -177.48 
 4962  -61.49  -27.86  178.63 
 4965  -81.40    3.18  174.09 
 4968 -115.90  -73.37 -176.07 
 4971  -68.51  -31.18 -168.26 
 4974 -119.09   28.18  161.96 
 4977   79.04   -3.43  170.56 
 4980  -58.85  131.28 -173.22 
 4983  -67.43  160.20 -173.17 
 4986  -80.32  -10.13  166.71 
 4989   67.60   10.06 -176.24 
 4992   81.16    9.91   35.30 
 4995  107.52    4.72  134.11 
 4998 -139.76  134.30  172.29 
 5001 -126.82 -153.65  143.67 
 5004  174.76 -128.87 -136.32 
 5007  163.26  152.93  124.84 
 5010 -150.79 -127.03  141.27 
 5013  118.21   -0.34  111.47 
 5016 -175.19 -118.60  -73.14 
 5019 -140.13  142.72 -178.19 
 5022 -129.83   64.68 -179.42 
 5025  -60.14  151.32  178.09 
 5028 -113.58  145.45  173.18 
 5031 -110.12  143.17 -179.88 
 5034 -139.68  158.08  172.37 
 5037  -80.28  168.44 -170.73 
 5040  -54.16  -38.77 -175.98 
 5043  -68.63  -15.36  177.09 
 5046 -104.41    0.47 -170.74 
 5049  -63.30  -38.11 -177.94 
 5052  -59.97  -20.26 -170.61 
 5055  -98.86   -3.78 -178.80 
 5058  -57.23  151.30  174.25 
 5061  -53.04  146.50 -177.85 
 5064  -68.03  140.34 -176.14 
 5067  -95.96    5.84  177.89 
 5070 -149.11  168.63 -179.04 
 5073  -96.91   74.21   11.06 
 5076  145.76  113.51  178.46 
 5079 -105.64   11.66 -178.99 
 5082  -63.46  144.13  176.65 
 5085  -68.47  -15.73  177.74 
 5088  113.73 -124.19 -117.89 
 5091 -125.64   96.13 -118.97 
 5094  -96.92 -119.76  -59.39 
 5097  -87.80  -39.75  177.22 
 5100 -111.34  161.45  178.84 
 5103  -64.11  -39.62 -178.24 
 5106 -101.14  141.97 -175.44 
 5109  -55.03  -34.07  177.08 
 5112 -115.05   29.84  177.67 
 5115   54.32 -134.03  177.81 
 5118  -86.09   73.98 -167.55 
 5121  -57.60  -38.90 -172.94 
 5124  -62.29  -27.28 -178.61 
 5127  -86.35   -7.91  173.53 
 5130  -59.99  -24.74 -179.23 
 5133  -63.07  -27.42 -179.68 
 5136  -62.87  -49.77  179.51 
 5139  -69.30  -31.06  173.65 
 5142  -61.34  -48.70  179.46 
 5145  -59.85  -44.54  179.78 
 5148  -56.42  -50.68 -178.50 
 5151  -65.00  -41.47  179.41 
 5154  -62.88  -39.34 -177.76 
 5157  -79.25  -30.98 -177.81 
 5160  -83.28  -44.93 -174.50 
 5163   73.33  179.76  176.79 
 5166  -55.66  -47.46 -173.95 
 5169  -71.02  -37.80 -179.72 
 5172  -67.39  -47.76 -175.45 
 5175  -61.56  -38.69 -178.47 
 5178  -71.85  -42.56  178.76 
 5181  -61.79  -36.49 -179.72 
 5184  -61.73  -41.88  179.54 
 5187  -62.49  -44.57 -176.80 
 5190  -67.13  -39.86  178.11 
 5193  -69.23  -35.13  176.83 
 5196  -61.42  -33.65  179.54 
 5199  -75.40  -37.62  176.14 
 5202  -59.25  -47.86 -175.22 
 5205  -68.25  -39.33  173.84 
 5208  -61.25  -45.62  178.59 
 5211  -66.00  -34.76  177.99 
 5214  -63.04  -47.43 -179.70 
 5217  -64.30  -45.17  177.09 
 5220  -53.24  -44.97 -175.55 
 5223  -67.22  -38.84  179.79 
 5226  -66.86  -32.23 -173.63 
 5229 -101.03   -7.72 -171.74 
 5232  -58.62  -30.00  177.90 
 5235  -81.44   -9.37  179.93 
 5238 -107.08  -41.65  179.15 
 5241 -128.05  129.24  174.94 
 5244  -59.89  134.97  176.87 
 5247  -93.00  128.60 -177.53 
 5250  -95.38  149.34  166.23 
 5253   62.68   63.51  177.80 
 5256  -94.57 -177.86 -176.74 
 5259  -73.84 -146.81    8.20 
 5262   71.77   75.43 -170.10 
 5265   60.93    8.22 -170.99 
 5268   51.79   50.25  171.60 
 5271  -99.84  163.58  168.52 
 5274 -105.16 -179.86  172.45 
 5277  -95.41 -117.39 -177.11 
 5280  -92.95   -1.86  179.20 
 5283 -142.71  155.37 -177.53 
 5286 -128.83  134.08 -176.74 
 5289 -103.26  112.15  179.47 
 5292  -87.85  129.33  179.06 
 5295  -89.53  109.97 -178.01 
 5298  -99.56   -2.20  179.91 
 5301  -57.56  -37.25  171.65 
 5304  -54.47  -36.60 -179.00 
 5307  -64.57  -32.25  176.33 
 5310  -73.64  -40.54  178.04 
 5313  -66.08  -35.85 -174.26 
 5316  -92.03  -37.94 -169.80 
 5319 -125.33    0.52 -173.33 
 5322   56.46   29.66  174.08 
 5325  -85.78  129.50  178.69 
 5328  -96.61  156.19 -179.47 
 5331  -55.45  -33.57 -179.88 
 5334  -67.10  -32.18  176.02 
 5337  -61.32  -48.22  178.68 
 5340  -61.68  -41.52  177.66 
 5343  -58.31  -44.56  179.40 
 5346  -73.93  -35.37 -179.40 
 5349  -63.40  -36.85  173.65 
 5352  -52.72  -34.40  178.04 
 5355  -60.15  -36.25  179.04 
 5358  -67.85  -20.05  175.34 
 5361  -92.47   -1.79  179.44 
 5364   87.28   22.63 -179.35 
 5367 -121.26  140.17  165.33 
 5370  -74.79  138.47 -177.16 
 5373  -64.96  156.21  170.52 
 5376  -77.38 -170.21 -178.87 
 5379  -66.91  131.61 -171.43 
 5382 -106.60  124.76  171.36 
 5385   63.72   18.66  171.83 
 5388 -137.30  136.91    0.30 
 5391  -77.08   -9.97 -177.93 
 5394 -111.65  121.56 -179.92 
 5397  -58.89  130.90  175.17 
 5400   87.63   14.60 -179.17 
 5403 -128.68  173.34  174.43 
 5406 -124.61  138.02  177.75 
 5409 -112.09  117.97 -170.58 
 5412 -109.29  124.04  175.80 
 5415 -126.42  102.08 -177.08 
 5418  -73.11  -26.21 -166.93 
 5421   62.73  173.05 -175.74 
 5424  -83.82   -6.31 -171.83 
 5427  -90.71   -5.05 -173.65 
 5430 -101.85  135.92 -175.72 
 5433  -70.07  157.80  174.78 
 5436  -54.01  -41.95  179.35 
 5439  -57.06  -44.37 -179.95 
 5442  -69.66  -39.85  176.83 
 5445  -60.85  -42.35 -176.99 
 5448  -65.63  -39.70  177.86 
 5451  -62.26  -43.58  176.53 
 5454  -60.95  -46.38  178.36 
 5457  -60.74  -41.73  178.04 
 5460  -63.69  -38.87  175.34 
 5463  -59.40  -50.91  176.82 
 5466  -58.84  -35.66  179.77 
 5469  -71.65  -37.32  177.29 
 5472  -64.21  -40.09 -179.65 
 5475  -67.09  -38.95  172.77 
 5478  -53.89  -42.67 -177.96 
 5481  -71.91  -37.03  173.01 
 5484  -58.32  -44.27  176.37 
 5487  -62.54  -40.36  176.30 
 5490  -57.42  -40.61 -178.47 
 5493  -63.20  -39.85  173.32 
 5496  -61.93  -54.20  178.72 
 5499  -52.71  -43.72 -176.44 
 5502  -83.42    1.49  179.08 
 5505   71.25   30.09  179.50 
 5508  -92.28  -10.17  175.94 
 5511 -147.52  149.39  172.80 
 5514  -46.31  122.28 -176.22 
 5517  -70.55  -19.82 -179.56 
 5520  -98.67  -31.61 -177.40 
 5523 -113.27   89.29 -179.13 
 5526 -151.70  167.98 -176.62 
 5529  -56.81  -35.98 -179.40 
 5532  -64.39  -40.20 -179.88 
 5535  -75.32  -24.66 -171.62 
 5538 -103.58   -5.71  179.15 
 5541  -67.30  152.19   -2.75 
 5544  -82.02  154.17 -179.87 
 5547 -100.95  116.93  177.22 
 5550  -79.58  157.80  175.36 
 5553  -56.35  -44.94 -177.36 
 5556  -60.98  -40.73 -179.98 
 5559  -63.90  -29.00  179.81 
 5562  -85.16  -23.85 -171.17 
 5565 -102.18  -35.23 -173.89 
 5568 -100.82  144.91  172.65 
 5571   79.86 -173.76 -178.40 
 5574  -82.44  140.63  179.38 
 5577 -103.94  100.67  176.10 
 5580 -112.42   69.03  173.83 
 5583 -130.68  146.16 -179.03 
 5586  -76.55    9.00  174.15 
 5589 -127.81  161.35 -173.83 
 5592  -86.69  156.99  175.14 
 5595  -58.91  -34.39  178.48 
 5598  -64.96  -42.39  179.18 
 5601  -63.66  -30.73 -179.27 
 5604  -74.70  -48.14 -170.03 
 5607  -92.51  -28.78 -174.45 
 5610 -126.77   64.01 -174.99 
 5613  -80.94   -7.64  179.54 
 5616 -138.11  150.35 -177.50 
 5619  -54.21  -42.63 -175.36 
 5622  -64.15  -24.29  178.90 
 5625  -70.13  -16.28  176.72 
 5628  -89.03   -3.33  174.07 
 5631 -102.62  -38.95  176.70 
 5634 -146.50  124.53 -175.52 
 5637 -118.50  119.47  171.72 
 5640  -90.07  122.09 -178.30 
 5643  -91.92  120.89  172.94 
 5646  -61.81  133.19 -172.11 
 5649  -76.33  -30.70 -177.88 
 5652 -136.02  162.25  176.22 
 5655  -76.89 -179.26 -176.07 
 5658  -57.06  131.04 -176.91 
 5661  -86.04  139.59  179.63 
 5664  -56.07  120.78  173.33 
 5667   57.76  141.85 -101.09 
 5670 -126.91  -74.48  176.53 
 5673  -63.00  139.76 -173.80 
 5676  -75.46  149.70  169.64 
 5679  -57.15  145.44 -175.92 
 5682  -77.87  -16.97  177.71 
 5685 -108.05  -56.88  177.66 
 5688  -87.91   76.59 -165.13 
 5691  -61.25  -18.84 -176.26 
 5694  -90.61    2.45 -178.64 
 5697 -122.59  164.03  178.27 
 5700  -66.61  148.81  177.12 
 5703  -65.59  150.34 -175.60 
 5706  -98.44   81.33   -3.61 
 5709  -58.34 -178.29  -67.53 
 5712  -26.57  175.34  -69.99 
 5715  -41.07  175.84  -58.36 
 5718  -47.43 -179.83  -63.62 
 5721  -36.96  176.80  -69.71 
 5724  -40.75 -176.18  -62.26 
 5727  -36.62 -179.38  -65.08 
 5730  -19.23  179.30  -77.20 
 5733  -25.37 -171.29  -72.22 
 5736  154.87  169.37  -46.14 
 5739  140.78 -176.48  -58.51 
 5742  140.88  174.58  -97.50 
 5745  161.98  173.84  -45.00 
 5748  121.42 -176.49 -109.32 
 5751  125.60 -177.47  -58.57 
 5754  -35.03  178.17  -54.72 
 5757  -41.22  178.01  -64.02 
 5760  -34.71  179.01  -75.35 
 5763  -33.53 -178.41  -73.35 
 5766  -43.08 -179.39  -75.85 
 5769  131.04  175.16  -71.07 
 5772  -56.80  178.14  -73.13 
 5775  123.57  171.72  -80.53 
 5778 -175.99 -177.06  -59.77 
 5781  -41.79  179.90  -62.04 
 5784  -49.49  111.82  129.59 
 5787 -118.23 -115.36  177.85 
 5790 -123.25 -128.73  -59.07 
 5793  -44.29  179.39  -66.75 
 5796  -33.72  176.06  -64.78 
 5799  -41.77  179.38  -68.29 
 5802  -43.38  177.34  -59.95 
 5805  -39.15  174.99  -58.89 
 5808  -43.62 -179.89  -68.80 
 5811  -28.56  179.60  -78.73 
 5814  -24.64  179.29  101.55 
 5817   23.64 -177.45 -125.79 
 5820  140.01 -179.25  -80.44 
 5823  -35.27 -179.72 -132.72 
 5826  157.88  176.83  -60.81 
 5829  -39.20  178.84  -60.35 
 5832  -37.12  176.36  -64.66 
 5835  -37.66  179.26  -67.41 
 5838  -51.50 -179.46  -58.48 
 5841  -40.65  175.19  -56.59 
 5844  -30.56 -179.63  -93.16 
 5847  -20.14 -178.73  -82.58 
 5850  -39.77 -179.88  -99.45 
 5853  127.14  178.51  -58.31 
 5856  127.63 -172.66  -60.03 
 5859  -24.68 -178.09  -69.97 
 5862  -21.86 -178.47 -113.85 
 5865    0.56 -179.22  -66.75 
 5868  121.18  175.95  -60.14 
 5871  120.26 -167.24  -87.33 
 5874    7.69  -65.96 -123.66 
 5877 -163.41  111.76  175.06 
 5880 -116.44  -96.90  -74.17 
 5883  145.77  170.53  -60.30 
 5886  143.02  178.86  -93.87 
 5889   88.01 -175.84 -141.31 
 5892  156.23 -178.79  -58.29 
 5895  142.11  176.73  -54.67 
 5898  143.46 -176.02  -56.15 
 5901  148.84  173.84 -116.41 
 5904  158.34  175.13  -66.82 
 5907  165.98  171.69  -56.39 
 5910  -45.32 -176.46  -64.01 
 5913  -43.28 -177.45  -71.66 
 5916  -39.20  176.44  -64.53 
 5919  -44.44  174.22  -56.55 
 5922  -46.17  179.49  -61.93 
 5925  -41.14  177.65  -63.50 
 5928  -46.22 -178.61  -66.94 
 5931  -33.95  176.17  -59.62 
 5934  -39.40  178.89  -71.27 
 5937  -31.62  172.36  -66.82 
 5940  -48.35 -179.52  -59.15 
 5943  -34.32 -177.26  -66.52 
 5946  -13.01  177.28  -79.85 
 5949  -21.16  170.20  -71.48 
 5952  152.67  174.82 -119.04 
 5955  126.18  178.58  -87.67 
 5958   99.28  176.21  -91.12 
 5961  169.01  164.16  -85.90 
 5964   99.07 -176.35  -93.90 
 5967  116.71  175.27 -108.87 
 5970   38.03 -174.27  -76.01 
 5973  -36.74  179.32   77.84 
 5976 -128.33  177.10   58.89 
 5979   35.88  175.07   92.26 
 5982    4.54  178.78 -138.15 
 5985  126.40 -173.09 -140.21 
 5988  130.05 -179.72  -59.34 
 5991  147.18 -172.81 -147.35 
 5994  162.95  179.27 -101.98 
 5997  111.03  175.08  -79.43 
 6000  117.95 -179.47  -58.94 
 6003  128.50 -175.89  -50.82 
 6006  -37.85 -179.43  -61.94 
 6009  -35.12  176.70  -73.56 
 6012  -41.68  179.25  -59.15 
 6015  -49.42 -175.91  -70.78 
 6018  -41.86 -168.29  -98.62 
 6021   -4.11  171.02 -119.62 
 6024  -65.74 -172.16  -65.27 
 6027  -32.25  178.82 -108.47 
 6030   30.41  179.86 -123.02 
 6033  111.56 -177.92  -62.31 
 6036  -20.28  175.02  -62.30 
 6039  -25.62  179.16  -98.78 
 6042  -31.26 -173.71 -102.44 
 6045   -1.00 -173.63  -97.12 
 6048  -22.83  177.68  -71.13 
 6051  172.50  176.26 -115.68 
 6054 -155.91 -175.86  -54.84 
 6057  143.95 -179.66  -74.30 
 6060   61.58  175.38  -57.54 
 6063  -42.96 -176.60 -103.65 
 6066   87.89 -164.97  -65.78 
 6069  -31.23 -177.43  -59.61 
 6072  -26.10  178.56 -111.66 
 6075   25.77  177.72 -139.06 
 6078   23.19 -175.83  -61.97 
 6081  -25.53 -178.59  -66.18 
 6084  -60.64  179.82  -68.88 
 6087  -28.54  172.10  -59.45 
 6090  -40.81  178.79  -68.36 
 6093  -39.41  176.35  -62.64 
 6096  -38.64  177.23  -66.94 
 6099  -40.69  174.19  -57.94 
 6102  -43.18  175.27  -57.94 
 6105  -43.61  175.41  -56.70 
 6108  -48.02  179.43  -61.02 
 6111  -42.44  179.70  -63.82 
 6114  -42.18  178.95  -59.72 
 6117  -48.02 -179.92  -63.49 
 6120  -43.83   40.51  131.06 
 6123  139.79  108.86  142.69 
 6126  121.28   57.21  -66.32 
 6129  -45.94 -176.77  -68.90 
 6132  -40.58 -175.69  -83.65 
 6135  -18.42 -174.99   70.60 
 6138   16.93  175.97 -110.64 
 6141  149.49 -165.38  -80.73 
 6144  -34.69 -174.36 -112.83 
 6147  119.79  177.53 -125.96 
 6150  138.53  178.67  -87.15 
 6153 -176.17 -170.87  -85.07 
 6156    3.81  172.19  118.15 
 6159  157.90  178.54 -123.71 
 6162 -177.10 -165.17  -69.95 
 6165  -49.98  178.91 -161.11 
 6168  173.96 -174.19  -61.71 
 6171  -44.53 -177.32  -62.19 
 6174  -49.15  178.28  -66.92 
 6177  -35.31  174.12  -60.90 
 6180  -40.35  177.74  -66.38 
 6183  -34.93  176.65  -68.70 
 6186  -36.17  172.36  -63.71 
 6189  -35.76  177.53  -66.69 
 6192  -38.86  177.82  -61.77 
 6195  -42.62 -177.81  -68.79 
 6198  -40.92  173.84  -58.09 
 6201  -49.56  179.44  -56.82 
 6204  -41.18 -179.33  -64.22 
 6207  -38.11 -177.74  -75.17 
 6210  -26.82 -175.53 -115.23 
 6213  -18.09  178.83  -62.81 
 6216  136.81  179.12  -83.03 
 6219   -5.23  176.88  -61.53 
 6222  147.49  173.15  -95.77 
 6225    7.75 -179.92  -72.55 
 6228  156.58  179.27 -119.74 
 6231   12.58 -177.10 -109.05 
 6234  139.42  178.46 -118.50 
 6237  122.30 -179.35  -84.80 
 6240  129.90  174.93 -121.75 
 6243  123.77  179.64  -62.24 
 6246  139.63 -177.49  -71.70 
 6249  -12.59  177.22 -102.57 
 6252   22.39  162.90  -73.69 
 6255  163.23  176.08  -58.65 
 6258  141.16 -173.13  -60.42 
 6261  -38.78 -178.95  -69.07 
 6264  -28.52  176.13  -65.09 
 6267  -46.42  176.13  -57.04 
 6270  -41.79 -179.57  -64.65 
 6273  -43.63  179.60  -63.70 
 6276  -39.72  179.25  -62.60 
 6279  -46.04 -179.50  -62.83 
 6282  -41.38  179.68  -62.49 
 6285  -40.66  178.45  -73.88 
 6288  -32.50 -179.47  -72.06 
 6291  -32.83 -174.02  -53.96 
 6294  -55.06 -174.91  -69.94 
 6297  -15.63 -178.80  -89.93 
 6300   -4.15 -177.75   68.43 
 6303   15.35  176.90  -75.74 
 6306  129.16  173.29  -80.07 
 6309  121.79  175.90  -98.38 
 6312  122.90  176.73 -106.92 
 6315  111.36  176.86  -95.94 
 6318  119.10 -176.09 -155.84 
 6321 -173.75  177.45  -88.06 
 6324  121.28  177.31  -68.52 
 6327  -18.58  178.12  -66.01 
 6330  -38.86 -169.95 -116.22 
 6333   -2.75  177.51  -56.78 
 6336  126.31 -166.96  -89.26 
 6339  -17.50 -176.31   67.33 
 6342    0.76  172.34  -69.66 
 6345  -24.53  170.42  -87.39 
 6348  117.76 -174.73  -71.72 
 6351  132.67  176.94 -127.93 
 6354  156.68  175.70 -102.22 
 6357  -11.84 -178.16 -163.68 
 6360  159.24  173.57 -140.33 
 6363  146.88  178.16 -119.39 
 6366  124.93 -179.94 -124.20 
 6369  150.65 -176.91 -106.24 
 6372  131.75 -171.68 -138.53 
 6375  106.46   -6.01  -69.21 
 6378  167.35 -176.82  -67.05 
 6381  165.94 -175.80  -59.83 
 6384  -28.64  179.49  -95.17 
 6387    7.57  173.26   97.05 
 6390  -11.14 -177.33  -64.24 
 6393  131.59  174.32  -99.15 
 6396  122.78 -178.33 -117.97 
 6399  156.78  173.30  -94.13 
 6402  108.25 -174.29  -91.64 
 6405    5.44 -172.38  -57.04 
 6408  -50.53 -179.22  -61.21 
 6411  -38.03  177.53  -65.61 
 6414  -46.54 -179.00  -59.29 
 6417  -42.90  177.45  -59.72 
 6420  -41.75  178.68  -67.33 
 6423  -40.00  177.27  -59.14 
 6426  -43.28  178.31  -64.82 
 6429  -36.41  172.76  -55.48 
 6432  -28.43 -179.26 -102.73 
 6435   15.00 -179.14   57.42 
 6438   27.72  176.33  -93.05 
 6441  144.07  173.77  -88.30 
 6444  139.05  175.72 -108.10 
 6447  129.37  173.76 -105.67 
 6450  131.15  168.32 -104.00 
 6453  127.02  167.50  -86.86 
 6456  105.54 -168.71 -120.89 
 6459  129.27  177.89  -67.25 
 6462  117.25 -171.37  -67.92 
 6465  -28.30  173.28  -65.86 
 6468  -40.65  179.24  -64.16 
 6471  -26.67 -178.15  -71.35 
 6474  -10.10  170.66  -69.55 
 6477  -20.55 -177.36 -116.78 
 6480  -33.61 -174.48  -95.98 
 6483  142.65  171.72  -49.70 
 6486  125.91 -171.79  -82.54 
 6489  159.66 -179.66  -46.33 
 6492  -45.37 -179.78  -57.05 
 6495  -35.62 -177.70  -85.97 
 6498  -14.83  177.25  -87.94 
 6501  -11.16 -179.62  102.50 
 6504    4.85 -177.36  -69.03 
 6507  151.66 -177.51  -93.08 
 6510  -30.10 -177.78 -141.15 
 6513  143.18  168.65 -125.27 
 6516  138.49  174.37 -133.24 
 6519  166.98  176.10  169.01 
 6522  179.72  176.81 -100.95 
 6525  145.73  172.31 -103.32 
 6528   19.00  178.84  -53.22 
 6531  -39.64  178.99  -63.02 
 6534  -14.16  179.97  -87.67 
 6537   57.14  172.08   76.00 
 6540   23.94  179.26 -104.44 
 6543  132.60  179.91  -54.16 
 6546  141.45  172.83  -45.40 
 6549  -46.27  171.14   66.02 
 6552   17.38 -174.31   50.27 
 6555   32.39  173.93  133.99 
 6558  -25.56 -178.51  166.00 
 6561 -177.21    6.10  -83.90 
 6564  145.51  173.09 -137.81 
 6567  150.18  177.20  -87.80 
 6570  124.01  172.66  -88.20 
 6573  147.56  176.27 -102.36 
 6576  157.09  177.61 -146.02 
 6579  117.71 -177.99 -130.66 
 6582  145.84 -179.13 -158.15 
 6585 -173.39 -175.35  -93.61 
 6588  156.87  179.46  -59.05 
 6591  -35.66  178.00  -62.65 
 6594  -14.70  177.90 -113.25 
 6597   -0.02 -167.18  -53.97 
 6600  -39.99 -169.29  -64.42 
 6603  -24.16  179.62 -106.01 
 6606   13.48 -178.92  -75.02 
 6609  140.00 -170.39  -80.69 
 6612  163.24  170.53   77.38 
 6615 -160.15 -169.98 -111.24 
 6618  150.66  179.62 -138.99 
 6621  131.18  177.24  -78.42 
 6624  131.24  177.30 -118.37 
 6627  157.21  177.14  -93.29 
 6630  124.64  177.09 -128.19 
 6633 -159.10  177.46 -135.36 
 6636  151.59  179.77  -96.69 
 6639 -172.88 -175.76  -64.52 
 6642  -17.39 -178.77 -100.01 
 6645    5.35  179.71   82.22 
 6648   11.14 -178.90  -91.00 
 6651  152.68 -178.60  -62.08 
 6654  137.54  176.92 -150.25 
 6657  145.70 -179.23  -97.61 
 6660  149.41  171.31 -148.45 
 6663  158.49 -171.40 -100.12 
 6666   87.44 -178.30  -58.85 
 6669 -142.79   94.94   19.74 
 6672   29.43  178.18  -65.01 
 6675  166.40  175.63 -132.31 
 6678  142.66 -175.39 -103.22 
 6681   14.36 -173.35  -93.17 
 6684  122.79 -177.53 -115.51 
 6687   -8.14 -176.13 -110.72 
 6690  173.79  170.57 -133.28 
 6693  156.05  176.48  -74.72 
 6696   65.37 -164.71  -55.24 
 6699  -54.22 -176.80  -55.09 
 6702  -40.90 -175.05  -80.02 
 6705  -26.79  174.90  -70.59 
 6708  -39.15  174.36  -59.28 
 6711  -47.86 -179.96  -62.19 
 6714  -42.37 -178.67  -65.24 
 6717  -40.68  179.65  -69.74 
 6720  -34.30  178.99  -70.12 
 6723  -30.33  170.64  -59.04 
 6726  -44.61  178.61  -65.73 
 6729  -42.79  178.69  -63.46 
 6732  -40.29 -177.92  -72.06 
 6735  -40.76 -175.90  -86.70 
 6738  -34.50 -177.46   73.30 
 6741  173.19 -179.69  -58.08 
 6744  -44.38 -179.21  -65.83 
 6747  -44.40  178.27  -61.81 
 6750  -43.98  177.69  -63.12 
 6753  -48.16 -179.01  -59.81 
 6756  -41.27  177.29  -63.34 
 6759  -37.83  174.50  -61.64 
 6762  -47.22  179.98  -64.80 
 6765  -45.91 -177.57  -59.86 
 6768  -41.88  177.80  -63.42 
 6771  -44.60  176.38  -56.67 
 6774  -45.86  178.15  -62.97 
 6777  -48.00  179.61  -57.52 
 6780  -43.42  177.16  -62.70 
 6783  -38.08  179.39  -70.11 
 6786  -40.20  174.87  -64.02 
 6789  -43.16  179.13  -59.66 
 6792  -46.04  176.10  -55.75 
 6795  -46.55 -179.71  -59.39 
 6798  -46.52 -179.63  -61.83 
 6801  -40.99 -179.23  -67.30 
 6804  -42.77  178.10  -62.24 
 6807  -37.43  177.81  -63.09 
 6810  -40.64  178.18  -63.43 
 6813  -23.24 -178.87  -95.66 
 6816   14.82  173.58   71.02 
 6819   23.15  173.97  -91.10 
 6822  152.89  177.97  -94.35 
 6825  133.41  179.05 -110.05 
 6828  126.15 -163.32 -102.82 
 6831  -18.05  174.91  -84.62 
 6834  120.43  174.30  -62.41 
 6837  -41.57  177.85 -133.36 
 6840  150.77 -177.06 -159.95 
 6843  167.50  175.02 -110.27 
 6846  -74.59 -174.30 -121.13 
 6849    0.67 -170.26 -129.40 
 6852  129.08  179.05 -107.24 
 6855  142.92  170.12 -106.31 
 6858  111.98 -172.44 -112.49 
 6861  124.50  175.44  -92.88 
 6864  140.95  174.20  -74.60 
 6867 -142.56   35.60  -50.04 
 6870   97.91  172.67  -55.43 
 6873  -43.79  174.66  -54.31 
 6876  -38.96  179.18  -73.93 
 6879  -33.50  172.78  -60.62 
 6882  -53.98 -179.47  -58.01 
 6885  -42.32  179.51  -66.95 
 6888  -40.89  175.79  -60.40 
 6891  -41.67  177.28  -62.18 
 6894  -41.93 -178.96  -62.40 
 6897  -32.67  177.11  -60.00 
 6900  -22.65  177.99 -106.43 
 6903   14.91 -179.50   71.25 
 6906   37.12  179.11 -127.09 
 6909  134.38  172.28 -106.18 
 6912  125.95  169.54 -104.02 
 6915  172.19  179.31  -96.37 
 6918  121.03  173.46  -75.34 
 6921  117.30  179.40  -92.90 
 6924 -106.04  174.24 -107.63 
 6927  169.57  178.46  -52.40 
 6930  132.28  178.28   81.79 
 6933    5.96  179.98 -137.27 
 6936  136.47  175.04 -127.44 
 6939  152.13  178.22 -109.97 
 6942  144.79  175.94 -132.45 
 6945  118.78  176.95 -111.82 
 6948  117.29  179.14  -87.24 
 6951  166.29 -173.30 -153.95 
 6954 -176.30 -175.92  -60.57 
 6957  -27.54 -177.57  -80.65 
 6960  -14.37 -173.04  -68.23 
 6963  130.04  178.19 -114.65 
 6966  172.34  177.36  -66.03 
 6969  -26.89  174.55  -65.37 
 6972  -40.75  174.92  -62.00 
 6975  -40.66  178.25  -60.53 
 6978  -44.35  178.43  -59.31 
 6981  -43.30  177.31  -57.20 
 6984  -48.20 -179.46  -60.38 
 6987  -43.14  178.05  -59.95 
 6990  -46.54 -177.44  -64.17 
 6993  -37.76  173.45  -56.85 
 6996  -58.04 -179.29  -64.28 
 6999  -33.20  179.07  -68.23 
 7002  -52.54 -178.37  109.80 
 7005    6.83 -178.91 -164.08 
 7008  167.07 -174.98  -88.40 
 7011  -17.39  173.41  -88.78 
 7014  112.43 -178.26  -96.97 
 7017  151.92  179.96  -81.86 
 7020   21.42  176.33 -153.47 
 7023  161.65  172.48 -107.98 
 7026  129.93 -178.03  -36.40 
 7029  -51.05 -179.66  -63.11 
 7032  -29.14 -177.96  -66.74 
 7035  -22.34 -177.03  -83.16 
 7038  -16.36 -173.45  -56.44 
 7041  -33.24 -177.35  -61.79 
 7044  -32.82 -178.76  -84.61 
 7047   -8.85 -176.42  -69.80 
 7050  117.46  171.78 -137.62 
 7053  157.71  173.84  -50.54 
 7056  120.94 -173.67 -106.33 
 7059   35.50  162.63 -132.88 
 7062  153.29 -169.62  -72.65 
 7065  163.58  178.78  -64.18 
 7068  -30.48 -178.77  -67.81 
 7071  -15.16  179.55 -122.69 
 7074   11.41  176.87  -85.42 
 7077  109.69 -175.32  -59.47 
 7080  134.60  175.13 -114.47 
 7083  -24.84 -178.53  -67.88 
 7086  149.40 -178.31  -89.95 
 7089  166.31  179.83 -152.98 
 7092  160.64  178.70   53.10 
 7095   44.49 -178.67  -89.56 
 7098  -10.74  176.58  -64.91 
 7101  151.60 -175.41  -55.89 
 7104  -36.25 -178.70  -58.08 
 7107  -28.55 -179.01  -89.03 
 7110    3.99 -174.86 -124.87 
 7113   -9.80 -171.05 -108.93 
 7116   -8.54 -176.79 -118.22 
 7119   54.12 -176.32  -94.88 
 7122  -18.92  172.54  -81.38 
 7125  156.32 -178.94  -65.83 
 7128  -37.26  179.65  -62.76 
 7131  -42.24  179.81  -64.55 
 7134  -41.91 -179.58  -67.41 
 7137  -41.50  178.23  -55.83 
 7140  -45.87  179.40  -68.05 
 7143  -40.36  177.82  -62.10 
 7146  -47.09  176.80  -58.84 
 7149  -44.36  178.66  -61.34 
 7152  -40.46 -179.02  -67.32 
 7155  -42.73  176.43  -63.80 
 7158  -47.75 -179.18  -56.65 
 7161  -41.11 -177.40  176.80 
 7164 -163.28 -106.67  -70.51 
 7167  129.86  143.50  -78.48 
 7170  -17.58 -168.05 -102.83 
 7173  137.39  174.94  -90.75 
 7176  115.78  177.83 -123.47 
 7179 -175.77 -172.67  -69.05 
 7182  -10.59  174.60  -82.16 
 7185    1.28  175.06 -107.92 
 7188  -54.14 -177.25 -163.60 
 7191  169.57 -174.44 -174.21 
 7194 -148.30 -110.32  159.69 
 7197  119.08   66.38 -121.44 
 7200   87.97 -165.13  -87.55 
 7203   56.27 -177.16  -71.18 
 7206  110.42  173.90  -53.78 
 7209  138.84  179.64   73.82 
 7212    3.15 -178.98 -115.14 
 7215  -17.16  177.13   51.24 
 7218   68.68 -177.73  -81.46 
 7221   66.40 -175.86  -92.58 
 7224 -176.13 -175.69  -67.04 
 7227  128.90  169.29 -102.06 
 7230   92.28 -165.94  -72.16 
 7233  145.12  179.61  -54.62 
 7236  -42.21 -177.14  -65.93 
 7239  -32.01  175.09  -69.14 
 7242  -38.67 -176.50  -76.87 
 7245  -33.78 -174.49  -48.33 
 7248  -50.32 -176.81  -65.21 
 7251  -19.37  179.18  -51.36 
 7254  -38.23 -177.41  -99.49 
 7257   13.78  169.08  -71.26 
 7260  135.38  178.10  -54.05 
 7263  -35.72 -179.14  -65.73 
 7266  -13.78  171.23 -109.82 
 7269  -44.83 -172.88  -78.30 
 7272  -21.10 -171.06 -112.18 
 7275   26.19  178.60 -105.61 
 7278  131.63  179.44  -74.78 
 7281  135.33 -175.93  -59.41 
 7284  -23.47  179.02 -106.67 
 7287   20.32  172.19  -61.95 
 7290  148.50  178.52  -53.42 
 7293  144.16 -177.91  -53.75 
 7296  -35.24  179.26  -60.33 
 7299  -13.88 -177.22 -103.27 
 7302   -3.53 -168.70 -125.78 
 7305   29.22 -177.43  -60.71 
 7308  -33.90  177.70  -63.83 
 7311  -45.81  175.13  -61.21 
 7314  -40.00  179.73  -58.85 
 7317  -41.81  175.88  -64.75 
 7320  -46.37  177.57  -53.54 
 7323  -51.16 -178.35  -61.81 
 7326  -46.26 -178.67  -60.39 
 7329  -43.11 -177.96  -68.38 
 7332  -46.91 -179.64  -60.61 
 7335  -42.70  176.98  -61.65 
 7338  -42.25  177.82  -64.25 
 7341  -43.92 -176.69  -68.59 
 7344  -44.33  178.24  -67.06 
 7347  -31.64  175.34  -67.37 
 7350  -38.30  178.07  -70.27 
 7353  -40.70  179.02  -62.38 
 7356  -40.50 -174.91  -92.39 
 7359  -22.09 -175.83   86.45 
 7362    0.56  179.60  -79.74 
 7365  160.01 -174.04  -86.73 
 7368  -21.27 -177.63 -152.51 
 7371  145.91 -177.91 -124.76 
 7374  135.18  167.73 -107.68 
 7377  122.63  179.35  -87.62 
 7380    4.58 -172.78  -69.81 
 7383  -46.89 -170.52  -60.91 
 7386  131.83 -165.92 -109.82 
 7389   32.27  175.41 -167.45 
 7392  158.50  172.27  -57.33 
 7395  -44.47 -178.76  -65.05 
 7398  -32.63  175.97  -67.56 
 7401  -33.39  174.31  -62.97 
 7404  -46.00  177.66  -60.75 
 7407  -46.68 -177.64  -60.01 
 7410  -47.28  179.25  -60.97 
 7413  -45.82  179.85  -59.87 
 7416  -41.95  179.36  -71.89 
 7419  -32.92  175.46  -63.11 
 7422  -40.04  177.58  -64.85 
 7425  -40.73  176.29  -64.91 
 7428  -44.97  176.55  -55.80 
 7431  -43.70 -178.32  -66.40 
 7434  -37.51  175.59  -57.29 
 7437  -47.84 -177.30  -68.96 
 7440  -34.44  177.05  -63.78 
 7443  -39.51  179.71  -64.42 
 7446  -19.03  179.65 -103.19 
 7449    9.53  179.76   67.42 
 7452   34.74 -175.69 -125.91 
 7455   56.55 -178.61  -64.50 
 7458  -16.49  177.79  -70.43 
 7461  -10.07  177.00  -84.42 
 7464   93.38 -179.65 -135.66 
 7467   11.26  175.99  -79.14 
 7470  124.56  175.52 -112.33 
 7473  111.08  175.17  -76.51 
 7476  127.81  179.60 -139.29 
 7479  124.35  176.25  -55.23 
 7482  141.91 -175.07  -64.69 
 7485  -15.10  179.58  -92.30 
 7488    5.81 -175.87  -68.30 
 7491  153.49  172.87  -62.62 
 7494  145.24 -174.07  -61.94 
 7497  -21.65  178.01  -66.27 
 7500  -31.70  179.23  -56.95 
 7503  -60.27  176.85  -61.13 
 7506  -32.34  179.19  -65.82 
 7509  -43.41  174.13  -59.93 
 7512  -44.15  177.83  -59.85 
 7515  -44.24  177.89  -63.10 
 7518  -40.84  176.07  -60.52 
 7521  -25.46   82.49  112.12 
 7524  -72.14 -106.37    9.24 
 7527  115.34   73.71   69.42 
 7530   17.59 -178.73  -93.23 
 7533  150.41  173.01  -96.71 
 7536  123.78 -176.65  -82.72 
 7539  132.16  173.99 -124.01 
 7542  116.65 -175.13  -73.38 
 7545  149.74  174.11 -118.55 
 7548  132.87 -174.97  -68.25 
 7551  144.51  163.89  -83.55 
 7554  149.56  178.23  -80.42 
 7557  178.99  180.00  -60.23 
 7560  -19.77  176.26 -102.20 
 7563    8.16  175.38   79.05 
 7566   19.85  170.71 -101.22 
 7569  161.00  171.91  -51.69 
 7572  129.65  175.62  -74.61 
 7575  102.90 -177.31  -63.48 
 7578  -38.68  177.36  -62.57 
 7581  -45.22  179.66  -62.43 
 7584  -45.99  177.83  -56.92 
 7587  -48.69  179.92  -59.90 
 7590  -43.65 -179.84  -63.14 
 7593  -44.51 -177.11  -73.01 
 7596  -38.07  174.64  -58.66 
 7599  -43.73  177.66  -65.78 
 7602  -42.75 -178.43  -62.21 
 7605  -44.11 -178.40 -102.30 
 7608   23.26 -175.54  -52.91 
 7611  -47.37  178.80  -62.87 
 7614  -21.40 -174.92 -121.45 
 7617   12.38 -170.38  -80.55 
 7620  116.54  179.87  -91.78 
 7623  -47.99 -166.83 -159.53 
 7626  159.86  164.08 -121.51 
 7629  131.99  174.92 -102.50 
 7632  122.22  177.08 -127.80 
 7635  150.34  166.74 -106.71 
 7638  141.15  177.33 -140.62 
 7641  128.27   -7.92  -58.99 
 7644  165.01 -168.71  -57.52 
 7647  169.12  177.52  -64.59 
 7650  -19.16  175.26  -84.34 
 7653    3.41  174.88   82.56 
 7656   23.64 -172.34 -111.16 
 7659  128.73  166.69  -73.95 
 7662   87.21  179.82  -69.91 
 7665  132.00 -178.93  -78.49 
 7668   -7.15 -174.85  -94.68 
 7671    1.01 -172.33  -55.43 
 7674  -42.53  178.83  -65.77 
 7677  -40.85  177.86  -63.33 
 7680  -41.35  177.38  -59.81 
 7683  -47.85  175.63  -60.70 
 7686  -39.66  178.69  -60.76 
 7689  -43.69 -179.55  -59.42 
 7692  -47.23  178.24  -58.48 
 7695  -49.06  178.21  -60.23 
 7698  -40.60  178.49  -55.66 
 7701  -30.80 -178.39 -103.13 
 7704   11.06  169.73   90.20 
 7707    9.74 -179.71  -90.19 
 7710  165.28  171.57 -106.26 
 7713  155.90  179.14 -108.76 
 7716  122.03  175.12 -106.64 
 7719  133.09  175.26 -110.89 
 7722  124.03  175.46  -74.08 
 7725  130.21 -176.58  -85.99 
 7728   16.63 -179.76  -48.74 
 7731  -39.73 -172.68 -108.24 
 7734   23.40 -177.92  -63.27 
 7737  -17.39  179.46  -68.55 
 7740  -13.57  172.33  -88.77 
 7743   -5.09 -169.88 -110.31 
 7746  -32.16 -164.79  -55.86 
 7749  115.81  179.05   89.88 
 7752  -14.83 -175.62 -106.42 
 7755  -28.23 -176.08  -77.82 
 7758 -109.82 -114.40 -174.65 
 7761 -128.08  126.44 -176.90 
 7764  -51.96  -44.79 -179.96 
 7767  -61.09  -36.37 -175.76 
 7770  -68.19  -32.67 -179.55 
 7773  -91.78   -4.25  173.15 
 7776  125.96    1.47  175.34 
 7779  -71.60  141.75  178.27 
 7782  -93.00  -24.01 -179.65 
 7785 -155.12  150.60  171.53 
 7788 -146.02  164.56  161.91 
 7791 -114.31  154.91  171.58 
 7794 -112.87  145.55  171.12 
 7797  -97.00  103.41 -178.13 
 7800  -66.77  -24.48  178.80 
 7803  -84.27    1.97  172.48 
 7806 -113.69  -74.53 -174.89 
 7809  -68.82  -28.00 -170.69 
 7812 -119.74   26.78  160.39 
 7815   81.58   -3.55  171.44 
 7818  -59.18  132.48 -175.32 
 7821  -63.70  154.33 -176.40 
 7824  -78.41  -14.94  164.74 
 7827   71.14   13.56 -173.35 
 7830   78.15   10.20  -33.31 
 7833 -135.90  165.29  143.88 
 7836 -158.78  117.42 -174.76 
 7839 -122.69 -162.69  152.54 
 7842 -171.68 -125.41 -134.63 
 7845  163.63  154.65  126.87 
 7848 -148.10 -126.59  137.69 
 7851  116.92    2.69  110.10 
 7854 -175.11 -118.06  -74.28 
 7857 -137.74  142.85 -175.20 
 7860 -129.39   64.58 -177.95 
 7863  -63.90  151.64  177.88 
 7866 -113.27  149.48  174.07 
 7869 -117.00  142.30 -179.95 
 7872 -137.27  156.94  172.22 
 7875  -77.16  166.10   -4.15 
 7878 -160.22 -137.03  110.40 
 7881  -70.59 -122.15  -49.24 
 7884  -65.15  -12.00  177.44 
 7887 -108.50   -2.99 -169.71 
 7890  -64.64  -35.96  178.97 
 7893  -56.90  -22.86 -171.13 
 7896  -96.81   -1.89 -178.52 
 7899  -57.85  149.86  177.75 
 7902  -60.72  150.01 -173.75 
 7905  -70.18  148.74 -177.29 
 7908 -105.28   10.49  176.08 
 7911 -159.10  157.34  173.26 
 7914  -83.64   99.14  -22.08 
 7917  -46.06  127.58  165.46 
 7920 -164.50  172.74 -172.38 
 7923 -102.30   15.84 -179.39 
 7926  -59.45  145.52  174.51 
 7929  -70.53  -13.30  177.24 
 7932  114.99 -119.44 -110.21 
 7935 -123.48   84.88 -121.43 
 7938 -151.67 -158.53  -15.33 
 7941  -89.79  -40.04  177.44 
 7944 -113.13  159.97  178.91 
 7947  -64.48  -36.52 -178.83 
 7950 -101.75  141.52 -175.97 
 7953  -49.85  -37.41 -178.81 
 7956 -117.82   27.70  175.58 
 7959   53.55 -134.45  179.95 
 7962  -83.48   73.09 -165.63 
 7965  -60.50  -36.98 -173.45 
 7968  -62.07  -28.16  179.87 
 7971  -85.82   -6.74  174.14 
 7974  -64.23  -22.04  178.48 
 7977  -63.01  -27.17 -178.87 
 7980  -62.83  -45.99 -179.19 
 7983  -72.96  -30.58  175.62 
 7986  -63.19  -45.71 -178.82 
 7989  -62.79  -42.88 -179.85 
 7992  -59.88  -47.31  179.29 
 7995  -67.42  -39.88  178.54 
 7998  -64.30  -37.02 -177.54 
 8001  -82.54  -26.85 -177.71 
 8004  -84.46  -41.24 -174.48 
 8007   71.02  178.25  179.10 
 8010  -66.25  -40.45  178.40 
 8013  -62.94  -44.66 -179.18 
 8016  -68.03  -43.53 -178.76 
 8019  -58.82  -41.72 -177.91 
 8022  -69.62  -44.03  176.23 
 8025  -59.48  -38.10  178.37 
 8028  -57.81  -46.97  179.32 
 8031  -59.51  -46.63 -178.65 
 8034  -61.30  -41.69  178.83 
 8037  -70.79  -32.03  176.12 
 8040  -61.61  -39.43  179.57 
 8043  -72.05  -40.22  173.89 
 8046  -56.32  -49.20 -176.59 
 8049  -66.78  -39.30  174.15 
 8052  -62.32  -45.54  178.45 
 8055  -63.39  -39.89  174.61 
 8058  -56.80  -47.56  178.83 
 8061  -63.19  -39.47 -179.07 
 8064  -65.15  -41.91  179.51 
 8067  -64.52  -37.58  178.17 
 8070  -67.78  -35.33 -171.97 
 8073  -98.79  -11.07 -169.93 
 8076  -60.81  -27.70  179.14 
 8079  -77.25  -13.24 -174.87 
 8082 -109.60  -39.12  177.05 
 8085 -129.18  123.93  175.57 
 8088  -55.13  131.57  176.53 
 8091  -87.76  122.27 -178.71 
 8094  -90.92  150.44  167.89 
 8097   58.67   60.70  169.62 
 8100  -80.68  144.89 -178.96 
 8103  -85.01 -160.37  175.00 
 8106  -59.95  147.67 -177.94 
 8109   63.83   18.15  178.08 
 8112   57.74   31.28  174.65 
 8115 -105.66  151.89  171.28 
 8118  -96.10  179.82  174.76 
 8121  -96.24 -113.54 -174.98 
 8124 -100.09    2.79  178.89 
 8127 -147.67  158.92  174.64 
 8130 -133.92  141.72 -178.17 
 8133 -101.14  117.78  179.63 
 8136  -94.06  126.08  179.70 
 8139  -82.60  110.99  179.01 
 8142  -96.72   -2.68 -178.84 
 8145  -60.34  -35.27  173.61 
 8148  -57.01  -32.61  177.95 
 8151  -63.56  -33.41  175.31 
 8154  -66.94  -43.14 -178.15 
 8157  -67.74  -41.38 -170.95 
 8160  -86.94  -34.22 -170.06 
 8163 -131.29    2.45 -175.92 
 8166   55.88   28.45  175.67 
 8169  -88.77  133.59 -178.84 
 8172 -101.54  158.52  179.40 
 8175  -56.29  -32.12  179.38 
 8178  -67.93  -33.90  174.15 
 8181  -56.97  -49.40  179.46 
 8184  -63.98  -40.78  179.80 
 8187  -59.57  -41.91  179.81 
 8190  -74.84  -36.89  179.86 
 8193  -63.37  -34.85  174.34 
 8196  -54.77  -30.87  177.80 
 8199  -61.24  -39.09  178.25 
 8202  -66.17  -20.68  175.80 
 8205  -91.82   -2.17  178.99 
 8208   89.03   19.84 -178.88 
 8211 -119.82  143.66  165.05 
 8214  -78.90  136.20 -178.93 
 8217  -63.71  156.15  169.93 
 8220  -74.82 -167.08 -179.74 
 8223  -70.95  129.65 -172.23 
 8226 -104.76  127.70  171.32 
 8229   61.77   16.83  169.39 
 8232 -139.02  140.00   -0.56 
 8235  -76.49   -6.49 -178.51 
 8238 -116.36  120.08 -179.11 
 8241  -57.10  135.16  176.73 
 8244   82.84   14.66 -178.85 
 8247 -128.78  175.20  175.68 
 8250 -128.13  137.74  178.02 
 8253 -113.91  119.95 -168.03 
 8256 -110.38  125.49  175.23 
 8259 -127.34  102.84 -178.03 
 8262  -72.38  -28.67 -167.71 
 8265   66.20  169.78 -178.81 
 8268  -78.07   -7.28 -168.71 
 8271  -90.07  -10.14 -175.76 
 8274  -97.95  138.92 -171.01 
 8277  -77.28  161.96  176.34 
 8280  -57.72  -38.29  179.09 
 8283  -60.48  -45.08  177.98 
 8286  -65.68  -41.40  178.69 
 8289  -61.44  -41.39 -178.59 
 8292  -68.27  -37.85  102.59 
 8295  124.04 -127.14 -116.99 
 8298  162.31 -117.08 -120.58 
 8301  -63.61  -45.42  175.26 
 8304  -59.51  -44.81  178.40 
 8307  -60.50  -40.16  175.51 
 8310  -60.61  -47.81  178.47 
 8313  -59.75  -39.06  177.38 
 8316  -66.81  -43.59  176.49 
 8319  -60.85  -41.21  178.96 
 8322  -64.82  -38.97  173.46 
 8325  -54.63  -39.22 -178.35 
 8328  -72.54  -34.90  174.95 
 8331  -63.14  -39.54  176.80 
 8334  -64.96  -39.13  178.42 
 8337  -59.83  -40.86  179.46 
 8340  -60.80  -36.12  177.56 
 8343  -69.85  -50.12  178.80 
 8346  -52.86  -36.03 -175.69 
 8349  -97.37    6.68  174.22 
 8352   73.40   25.43  179.48 
 8355  -88.92  -10.46  176.60 
 8358 -151.64  147.19  177.35 
 8361  -47.17  129.97 -174.26 
 8364  -71.04  -20.42 -179.77 
 8367 -101.70  -33.14 -176.28 
 8370 -109.50   85.44 -177.11 
 8373 -151.81  168.79 -173.49 
 8376  -62.43  -34.87  178.73 
 8379  -60.34  -44.23 -178.15 
 8382  -75.65  -26.19 -173.70 
 8385 -100.11   -6.82  176.53 
 8388  -63.99  152.05   -3.66 
 8391  -80.84  152.58  179.56 
 8394  -98.65  116.24  176.85 
 8397  -78.42  153.99  175.16 
 8400  -55.86  -44.91 -177.06 
 8403  -61.59  -38.03 -179.49 
 8406  -65.99  -28.28 -177.57 
 8409  -86.47  -18.85 -174.10 
 8412 -108.20  -36.77 -174.09 
 8415 -100.35  146.46  176.37 
 8418   77.69 -175.97 -178.55 
 8421  -80.86  144.30  178.40 
 8424 -107.00  107.05 -174.45 
 8427 -114.70   10.05  177.75 
 8430  -76.11  154.10 -178.88 
 8433  -83.07   -0.48  174.22 
 8436 -113.97  163.27 -176.54 
 8439  -87.08  157.86  174.23 
 8442  -58.75  -34.65  178.44 
 8445  -64.88  -43.33  176.07 
 8448  -60.83  -32.71  178.93 
 8451  -71.73  -52.96 -169.93 
 8454  -87.67  -31.17 -174.98 
 8457 -124.39   61.33 -174.03 
 8460  -78.82   -6.64  178.38 
 8463 -138.62  149.62 -174.27 
 8466  -60.58  -35.98  179.85 
 8469  -62.32  -27.12 -179.91 
 8472  -68.81  -18.09  174.52 
 8475  -85.49   -8.09  174.22 
 8478  -96.86  -37.22  176.47 
 8481 -148.17  122.22 -176.24 
 8484 -115.67  121.74  171.83 
 8487  -91.90  124.24 -178.47 
 8490  -96.66  121.81  171.65 
 8493  -62.15  130.85 -174.19 
 8496  -72.49  -31.18 -179.68 
 8499 -134.31  162.68  174.14 
 8502  -77.44 -173.17 -175.63 
 8505  -64.03  134.03 -175.84 
 8508  -87.70  139.57 -176.65 
 8511  -63.94   93.95 -103.06 
 8514  -99.10  123.52 -177.70 
 8517  -71.19  143.30 -175.09 
 8520  -77.89  -17.90  174.49 
 8523 -106.81  -58.74  179.77 
 8526  -86.71   77.94 -165.91 
 8529  -63.25  -24.62 -179.36 
 8532  -80.58    5.88  178.25 
 8535 -145.09   45.79  -76.45 
